0 -15363.686523 10633.603516 18684.656379
512 -15238.710938 -25815.017578 29977.214814
1024 12799.705078 -4854.157715 13689.240154
1536 10382.371094 10814.873047 14991.834578
2048 -6810.910156 6414.904297 9356.253951
2560 374.192627 464.923828 596.803412
3072 2075.817627 -9951.581055 10165.775130
3584 -14982.665039 1031.895996 15018.158076
4096 -4914.500488 -10198.181641 11320.566770
4608 -9983.169922 -9205.957031 13579.886892
5120 -13668.901367 -33197.484375 35901.418802
5632 565.828613 -864.183594 1032.945001
6144 -4278.999023 -835.107910 4359.729120
6656 -5908.790527 -3133.222656 6688.115430
7168 -20248.679688 15174.264648 25303.504263
7680 -17731.263672 -18681.695312 25756.618412
8192 6477.974609 -10197.662109 12081.244307
8704 -15215.554688 -4005.078613 15733.841235
9216 -3161.888672 3306.148682 4574.730593
9728 -2408.735352 -8419.527344 8757.308262
10240 -23725.730469 9886.061523 25703.005272
10752 -2304.121582 -12429.386719 12641.148049
11264 -19802.503906 -1498.185913 19859.097260
11776 -8108.873047 -13217.394531 15506.558096
12288 -1359.883789 -10542.169922 10629.516640
12800 34109.679688 14994.365234 37259.913902
13312 16248.905273 22417.109375 27686.706702
13824 -26796.029297 20186.445312 33548.766654
14336 4191.389648 -2469.070557 4864.571718
14848 -715.669434 16436.701172 16452.274736
15360 -6296.640137 -8228.364258 10361.160553
15872 -7321.148438 1192.106934 7417.569413
16384 14060.302734 11640.220703 18253.406477
16896 -34234.718750 14814.097656 37302.460187
17408 -4854.723633 10281.308594 11369.856991
17920 -10868.396484 5368.286133 12121.903481
18432 -451.790527 -1665.507812 1725.697250
18944 -2250.660889 10641.626953 10877.026064
19456 2297.119141 -324.740723 2319.959698
19968 3016.786621 1028.579346 3187.315171
20480 9578.417969 20408.634766 22544.588353
20992 3701.598877 1610.036133 4036.588906
21504 -6421.489258 3337.401611 7236.972848
22016 -4888.148926 1535.135620 5123.538035
22528 6195.729980 -20007.175781 20944.549267
23040 13152.392578 -80.460876 13152.638671
23552 5074.500000 -3134.370850 5964.464100
24064 656.401611 -17532.144531 17544.427719
24576 8993.733398 -20788.199219 22650.307901
25088 -2897.985840 -17686.009766 17921.865974
25600 6412.180664 8986.272461 11039.436217
26112 6844.129395 -515.681641 6863.529413
26624 9121.176758 -11608.831055 14763.496605
27136 38238.781250 -2653.143799 38330.714160
27648 7193.950684 3829.299561 8149.629685
28160 4093.974365 -6519.987305 7698.757302
28672 -23812.083984 -10413.386719 25989.496956
29184 10325.733398 8223.424805 13200.207271
29696 -16512.066406 -8853.205078 18735.730143
30208 14271.093750 1717.432617 14374.062752
30720 47223.113281 -11639.354492 48636.376181
31232 3254.698975 2998.409180 4425.327558
31744 34780.320312 5801.784180 35260.903675
32256 -23531.626953 1675.542603 23591.203784
32768 11930.952148 -23280.466797 26159.659937
33280 4396.702148 16601.568359 17173.905788
33792 1444.398438 21815.529297 21863.293073
34304 -22698.392578 -3533.560547 22971.788611
34816 -4376.530762 -24876.585938 25258.634009
35328 26827.691406 -11155.643555 29054.662965
35840 23994.939453 -7776.716309 25223.687914
36352 -2856.555420 10244.714844 10635.511083
36864 1960.658203 11789.926758 11951.842703
37376 6144.894043 -246.579102 6149.839347
37888 -7644.003906 10922.058594 13331.247504
38400 18513.230469 -1396.534180 18565.829257
38912 -2972.194336 -26890.777344 27054.534555
39424 -7106.265625 1123.208008 7194.484554
39936 179.870117 16822.816406 16823.777459
40448 -3522.334961 2903.477295 4564.758920
40960 7727.993164 16767.287109 18462.497339
41472 -6565.467773 -2407.192383 6992.849491
41984 3193.334961 -28072.046875 28253.091583
42496 3513.392578 -3460.701904 4931.570135
43008 -2399.006592 -12423.845703 12653.346119
43520 -23685.669922 9292.019531 25443.124336
44032 961.767578 -11996.807617 12035.297421
44544 8603.935547 -8943.244141 12410.048831
45056 -1845.574219 -562.718506 1929.454975
45568 11131.142578 -7101.404785 13203.495295
46080 -12288.166016 -4612.893555 13125.464106
46592 8443.947266 5553.608398 10106.572911
47104 15800.575195 24442.173828 29104.604722
47616 6339.565918 -1857.256348 6606.019679
48128 20910.669922 -12403.480469 24312.598874
48640 -14534.569336 11812.139648 18729.131106
49152 -2276.465332 8790.215820 9080.208808
49664 16350.070312 380.968750 16354.508125
50176 8764.590820 -1768.334961 8941.200367
50688 2340.092285 -4367.447266 4954.859029
51200 10903.594727 -1531.457031 11010.619238
51712 12078.845703 -8921.171875 15016.185401
52224 -12319.415039 668.589844 12337.544002
52736 -3367.858398 -8242.615234 8904.110062
53248 -13440.654297 4976.945312 14332.521341
53760 -30075.531250 -3850.323242 30320.992068
54272 -8640.274414 -10287.834961 13434.801376
54784 11546.387695 20307.421875 23360.446571
55296 6911.254883 -7386.730469 10115.791220
55808 18962.162109 9887.362305 21385.123801
56320 7705.165039 11802.729492 14095.175912
56832 5936.902344 20702.556641 21537.006663
57344 18806.082031 -6090.616211 19767.760419
57856 -9688.787109 -892.993164 9729.852620
58368 17703.798828 8450.340820 19617.154126
58880 -5532.093750 -6110.240234 8242.517577
59392 -1467.455078 -352.145508 1509.115966
59904 -3587.583984 -3761.275391 5197.879568
60416 4981.568359 5288.658203 7265.392488
60928 5173.860352 8813.501953 10219.914285
61440 -4250.055176 5827.915039 7213.013240
61952 -16143.866211 8379.257812 18188.908269
62464 -9283.745117 -7493.921387 11930.917148
62976 -5778.571777 -1242.882446 5910.723137
63488 31928.919922 18749.072266 37026.796783
64000 6634.245117 -10716.640625 12603.951127
64512 -43527.851562 7382.403320 44149.448015
65024 -18539.335938 35323.031250 39892.649549
65536 -6401.498047 14159.524414 15539.346704
66048 -5407.697754 6524.232910 8474.007789
66560 9310.378906 47667.492188 48568.228627
67072 -4868.761230 -3191.423340 5821.513549
67584 20821.136719 -26942.738281 34050.417207
68096 -8404.704102 6713.161133 10756.653011
68608 1706.879639 3813.628906 4178.181901
69120 -26647.390625 5710.031250 27252.301481
69632 -4783.443359 -18211.917969 18829.638764
70144 6563.818359 -2273.016602 6946.244741
70656 8586.123047 -18412.691406 20316.217758
71168 1120.645508 -14233.287109 14277.335326
71680 2677.318848 -19614.916016 19796.791659
72192 12266.136719 10213.254883 15961.475120
72704 13554.591797 12361.657227 18344.959417
73216 -1409.901855 2454.312988 2830.454910
73728 -18698.580078 -1828.060547 18787.727058
74240 9880.675781 -8326.740234 12921.391256
74752 11561.894531 19957.982422 23065.091892
75264 -3740.131104 5745.897461 6855.940490
75776 -12707.465820 -12143.152344 17576.569859
76288 -11660.378906 -9283.025391 14904.327962
76800 9672.739258 3045.857666 10140.963268
77312 34817.917969 -30039.669922 45985.530942
77824 -13788.867188 -1471.176758 13867.127749
78336 15662.349609 -7649.127930 17430.386341
78848 12889.351562 -6277.043945 14336.549655
79360 1389.109863 8447.754883 8561.202252
79872 -11700.209961 15654.294922 19543.589026
80384 -11265.902344 -7317.412109 13433.728894
80896 15064.949219 -15803.952148 21833.862874
81408 12834.752930 1222.766113 12892.867486
81920 -7410.425293 -11602.052734 13766.700113
82432 -3805.305664 29264.287109 29510.656516
82944 9462.625977 7842.182617 12289.878763
83456 18644.023438 3673.771973 19002.532042
83968 -4420.696289 -13446.026367 14154.087466
84480 -2254.553711 6600.964844 6975.367230
84992 -13863.583984 1730.232056 13971.136532
85504 15290.277344 -6323.497559 16546.274505
86016 -11716.215820 16023.860352 19850.284431
86528 -16794.476562 -4414.538086 17364.981774
87040 -2005.543701 -3529.522949 4059.524356
87552 -7993.726074 1787.128296 8191.061226
88064 5089.327148 -7014.011719 8665.887606
88576 -12967.483398 4692.983887 13790.566631
89088 14757.747070 14860.920898 20943.688309
89600 -1232.086182 274.648926 1262.326572
90112 13341.292969 -25010.593750 28346.426089
90624 20590.042969 664.223145 20600.753384
91136 26196.464844 -10549.084961 28240.715005
91648 5757.164551 -1773.689941 6024.194552
92160 -1004.180664 494.002808 1119.114661
92672 -6077.391113 -11407.842773 12925.694101
93184 -10004.308594 11131.951172 14966.847631
93696 10492.486328 33064.062500 34688.968621
94208 -8890.328125 -2664.379883 9280.994343
94720 45613.562500 3036.480469 45714.520057
95232 -29782.457031 2720.261475 29906.430078
95744 11149.994141 -34930.382812 36666.795442
96256 25781.789062 1266.049438 25812.856332
96768 1042.224609 -17909.714844 17940.014716
97280 -2221.331787 -5089.763672 5553.378071
97792 -4651.959961 -16310.436523 16960.868846
98304 -10111.210938 13929.473633 17212.402970
98816 -7720.417969 11875.680664 14164.626363
99328 14326.708984 -1846.158447 14445.168604
99840 7612.248535 4885.894531 9045.346649
100352 -7688.703613 1853.361328 7908.926097
100864 -5219.083008 -5299.690430 7438.114277
101376 21209.960938 -6677.445312 22236.247885
101888 7912.351074 -15400.877930 17314.512757
102400 7971.846680 -4411.602539 9111.123751
102912 1989.634766 14719.265625 14853.128425
103424 2102.437012 13327.369141 13492.183218
103936 11502.141602 3095.101562 11911.293465
104448 20664.371094 -9663.263672 22812.165176
104960 -3866.414551 -10261.048828 10965.321701
105472 631.494873 -12618.260742 12634.053031
105984 -563.338379 -6004.512695 6030.880864
106496 6025.015625 27463.335938 28116.465212
107008 1491.270386 -4614.510254 4849.493994
107520 -3920.745605 -17754.742188 18182.495318
108032 -1967.218872 8112.165039 8347.285068
108544 -25900.224609 -2026.164062 25979.356728
109056 -8392.142578 37589.570312 38514.981189
109568 -3871.670898 612.053223 3919.750630
110080 -21230.371094 -189.527344 21231.217770
110592 -11729.149414 8432.733398 14445.896857
111104 22440.052734 22325.144531 31653.878119
111616 -30755.250000 16685.347656 34989.801486
112128 -10335.807617 -25700.875000 27701.333975
112640 13170.738281 7037.307617 14932.918268
113152 9804.778320 24854.947266 26718.946087
113664 14.594574 -3619.438477 3619.467917
114176 -7345.587891 20683.509766 21949.151419
114688 16378.067383 12351.306641 20513.308851
115200 14232.336914 3687.816895 14702.360627
115712 9900.390625 12884.593750 16249.015232
116224 28623.816406 -6164.546875 29280.104918
116736 -20783.580078 21345.185547 29792.182599
117248 -9673.180664 -29670.542969 31207.556008
117760 7484.116699 -2067.337646 7764.398753
118272 1909.302734 -15067.573242 15188.061101
118784 9492.603516 2020.792236 9705.314008
119296 -14574.431641 -3969.735352 15105.391885
119808 18030.013672 10445.076172 20837.010918
120320 1219.482422 16362.689453 16408.069234
120832 -8136.833008 -4589.784180 9342.064440
121344 28211.460938 9573.678711 29791.641244
121856 5155.611328 -18284.648438 18997.597322
122368 3631.048584 3095.858398 4771.671824
122880 284.378418 -3385.371826 3397.294953
123392 222.641281 -4476.061523 4481.595252
123904 1752.910034 18386.470703 18469.840497
124416 -18294.203125 1213.095703 18334.379510
124928 -23565.710938 494.251953 23570.893237
125440 11670.447266 12823.916016 17339.324093
125952 -4344.188477 4237.354492 6068.537550
126464 2342.320801 -33853.113281 33934.049920
126976 7573.144531 5963.847656 9639.502062
127488 14866.732422 -2334.924805 15048.973387
128000 10814.927734 -920.156738 10854.001658
128512 -38152.671875 21900.296875 43991.469719
129024 23566.898438 9317.471680 25341.941836
129536 -25483.423828 13491.479492 28834.439408
130048 -563.205444 -2881.334473 2935.862565
130560 -3934.077148 -26420.269531 26711.563938
131072 -9241.125000 13027.570312 15972.350109
131584 26475.673828 -783.116455 26487.252179
132096 -8176.114258 14103.805664 16302.336520
132608 5505.715332 1101.895508 5614.897684
133120 4129.339844 13343.291016 13967.635734
133632 -3869.868164 -25374.935547 25668.331305
134144 3869.268555 -20512.566406 20874.304970
134656 -5532.421875 -1447.793945 5718.723634
135168 8266.890625 2778.510254 8721.330174
135680 -7849.559082 16888.253906 18623.337617
136192 -7695.825684 3218.385742 8341.686640
136704 10070.975586 -14530.806641 17679.618095
137216 -2627.591553 -19819.796875 19993.213249
137728 -1903.054688 20098.859375 20188.754097
138240 -5032.568359 4075.653076 6475.931748
138752 -724.785645 -8858.162109 8887.763723
139264 5320.736816 2812.283203 6018.236951
139776 7566.843262 -30341.019531 31270.346336
140288 -9432.020508 -9703.072266 13531.910730
140800 -1629.682617 5594.070312 5826.618917
141312 6691.887695 -8652.667969 10938.465340
141824 -32749.279297 7606.158691 33620.959177
142336 -14529.418945 19196.902344 24075.404213
142848 -12341.189453 -17895.849609 21738.592411
143360 -788.491211 -6074.303223 6125.265709
143872 -15487.316406 36839.777344 39962.809911
144384 3040.637207 -7672.906738 8253.421593
144896 -7902.998047 1263.322388 8003.334555
145408 -3400.401367 14872.845703 15256.614041
145920 36015.085938 -13273.699219 38383.298034
146432 4960.447266 2167.483887 5413.319130
146944 5989.752441 -1739.612793 6237.258051
147456 14193.353516 23862.939453 27764.926364
147968 9646.509766 -3749.985840 10349.760577
148480 22138.738281 -17769.578125 28388.054953
148992 17788.859375 -19428.675781 26342.303012
149504 -6465.252930 -9988.994141 11898.717914
150016 1681.664307 -8476.403320 8641.609109
150528 14561.497070 -2961.194824 14859.538082
151040 -794.018921 4388.755859 4460.004933
151552 -25366.195312 -6339.723145 26146.431955
152064 3638.402344 -19292.546875 19632.634872
152576 -15329.629883 13344.465820 20324.180672
153088 22943.126953 3918.442383 23275.335615
153600 -17229.732422 -15532.041016 23197.154308
154112 6667.896973 -18748.876953 19899.277575
154624 -17101.257812 62.712402 17101.373044
155136 7913.214844 934.085571 7968.154366
155648 15760.371094 -7301.025391 17369.348635
156160 -21670.126953 6388.819824 22592.286825
156672 14100.754883 949.854004 14132.710993
157184 10805.650391 -25628.341797 27813.198593
157696 -9238.732422 -27303.208984 28823.937830
158208 18544.062500 -24353.304688 30609.895393
158720 8564.360352 10455.653320 13515.508130
159232 14220.205078 -27134.574219 30634.936396
159744 3426.124512 18305.500000 18623.363391
160256 1213.768799 9881.203125 9955.471260
160768 -13016.299805 -9594.580078 16170.344214
161280 450.678589 -5419.884277 5438.589707
161792 11156.777344 19739.136719 22673.932169
162304 37898.929688 -3156.503906 38030.150565
162816 12552.202148 14305.214844 19031.472040
163328 8572.327148 10875.140625 13847.507790
163840 4769.148438 26129.054688 26560.727701
164352 1984.887695 3112.011230 3691.123542
164864 25035.769531 25654.869141 35846.367292
165376 17588.322266 9359.035156 19923.368390
165888 6505.776367 -9077.796875 11168.327001
166400 -1084.325928 9688.953125 9749.439779
166912 1551.363281 -13683.205078 13770.868963
167424 -11062.544922 -2083.721191 11257.077774
167936 12697.589844 -15382.537109 19946.208462
168448 -12055.742188 -1821.940430 12192.636466
168960 -9199.373047 -25904.279297 27489.273544
169472 -7676.120117 -799.614746 7717.655343
169984 -5286.653809 -12679.572266 13737.549126
170496 -8992.262695 -4955.981445 10267.548101
171008 -15127.353516 -14794.564453 21159.299799
171520 -10165.656250 2328.225342 10428.863792
172032 -13025.197266 -798.029663 13049.620991
172544 -21969.695312 29845.171875 37059.436801
173056 18678.648438 3398.477295 18985.297891
173568 -7003.928711 10258.344727 12421.298483
174080 -1585.830078 -6860.458496 7041.359812
174592 -13588.696289 1345.533203 13655.150530
175104 -11217.625000 -805.926270 11246.538668
175616 -11477.565430 -629.775391 11494.830490
176128 2504.793945 4022.236328 4738.394032
176640 4215.166992 -27305.394531 27628.829002
177152 -1657.568848 8780.146484 8935.239896
177664 3680.310547 29489.156250 29717.925096
178176 -21102.287109 19033.175781 28417.746568
178688 4102.855469 29761.966797 30043.436288
179200 -13430.193359 13867.912109 19305.157031
179712 22330.027344 12149.752930 25421.380608
180224 19095.982422 26984.125000 33057.517874
180736 2267.744873 -28489.636719 28579.748914
181248 14036.515625 1260.998901 14093.043958
181760 -14043.263672 10928.214844 17794.356858
182272 -6059.303223 24461.070312 25200.378410
182784 103.316406 2545.163086 2547.259213
183296 -14369.440430 -3047.274414 14688.999421
183808 12734.983398 11304.792969 17028.744640
184320 3287.971680 27433.373047 27629.706911
184832 -4429.111816 -9313.131836 10312.684229
185344 10310.999023 5156.470215 11528.481600
185856 6373.034668 22002.480469 22906.870934
186368 22850.464844 14692.636719 27166.473455
186880 -973.968750 8746.144531 8800.208179
187392 7426.344238 -4549.090820 8708.892926
187904 26307.658203 20336.023438 33251.266442
188416 -9389.581055 14401.577148 17192.139599
188928 5433.180176 4820.068359 7263.091904
189440 -25839.960938 26256.613281 36839.019314
189952 1917.099365 -10044.840820 10226.147662
190464 5344.342773 4974.112305 7300.944596
190976 32407.666016 11872.370117 34513.910007
191488 -13880.636719 2226.751465 14058.111395
192000 12887.406250 -1575.620605 12983.366590
192512 10386.284180 -7581.930664 12859.260321
193024 4207.239258 10565.701172 11372.550462
193536 8372.137695 7324.409180 11123.832793
194048 -10563.952148 -5052.463867 11710.016225
194560 -1936.512695 -6364.497559 6652.586565
195072 -7736.496094 -12545.863281 14739.472989
195584 15424.264648 8564.597656 17642.570334
196096 -1811.718994 -4388.721680 4747.968408
196608 -3959.239258 20318.087891 20700.248501
197120 3105.328125 -18532.820312 18791.181762
197632 -319.788086 -3689.404053 3703.237232
198144 -7217.993652 4753.795898 8642.800935
198656 -2542.516113 13831.526367 14063.267899
199168 -17362.802734 -12366.868164 21316.808767
199680 23789.882812 9948.766602 25786.362908
200192 -2514.443115 -39484.027344 39564.009504
200704 6167.991211 4883.729980 7867.333475
201216 6742.294434 -26371.195312 27219.450692
201728 -21041.099609 -9848.802734 23232.020661
202240 -11015.120117 12387.317383 16576.444009
202752 -3568.484131 -14739.878906 15165.688642
203264 -15191.882812 -21001.457031 25920.155555
203776 -17302.328125 2094.792725 17428.675222
204288 -24297.541016 -15008.327148 28559.067772
204800 14931.700195 -4672.420898 15645.676208
205312 -5109.163086 12152.587891 13182.903474
205824 -12849.146484 -2038.648926 13009.867640
206336 -19810.273438 -21145.789062 28975.701821
206848 17562.886719 -11377.045898 20925.872981
207360 -16462.884766 -3441.130371 16818.678188
207872 -8845.352539 8961.392578 12591.537476
208384 19413.398438 15978.112305 25143.191842
208896 -2589.923828 25054.847656 25188.352864
209408 -245.941406 1687.191406 1705.022580
209920 -7822.904785 9266.287109 12126.908922
210432 2761.630615 16045.849609 16281.765998
210944 11711.892578 -2147.874023 11907.215963
211456 26990.949219 -5114.445801 27471.238196
211968 7810.676758 -1228.918945 7906.763687
212480 -8116.632812 4047.549316 9069.861300
212992 -28670.718750 -7979.223145 29760.344084
213504 4540.906738 9247.158203 10301.930305
214016 -7757.458984 15710.244141 17521.128731
214528 -17098.035156 -10474.607422 20051.439450
215040 -3416.135254 16492.337891 16842.422629
215552 -15402.669922 19743.757812 25041.129687
216064 -2310.547852 2052.356934 3090.436862
216576 24103.054688 -38818.519531 45692.829022
217088 9067.208984 -118.391602 9067.981914
217600 8858.128906 -10180.375000 13494.683398
218112 -2865.008789 -6251.547852 6876.781805
218624 19286.984375 -4948.328125 19911.648048
219136 23537.763672 -16635.312500 28822.906446
219648 -11165.515625 -3415.069336 11676.105515
220160 -10414.618164 29111.175781 30918.033573
220672 15975.175781 14929.259766 21865.246946
221184 -6567.995117 24116.113281 24994.509477
221696 -3928.428711 2093.941406 4451.644865
222208 6525.076660 7968.744141 10299.393380
222720 21160.894531 -1540.357422 21216.883843
223232 1007.999512 6878.900391 6952.361901
223744 6595.566895 -4687.923340 8091.855659
224256 -14484.761719 -4686.771484 15224.130320
224768 -27753.835938 19203.902344 33750.040237
225280 -9252.899414 -13528.720703 16390.315189
225792 18808.113281 16629.679688 25105.603518
226304 -3721.477783 3778.866699 5303.699841
226816 -12315.648438 -14832.066406 19278.625677
227328 5128.308594 -3457.930176 6185.210748
227840 -3571.271973 -22353.384766 22636.868335
228352 32148.476562 6831.653320 32866.336821
228864 19905.072266 6473.254883 20931.195475
229376 5585.480469 -7309.777344 9199.479985
229888 -25677.992188 8108.293457 26927.750444
230400 10883.998047 -17711.988281 20788.841622
230912 -8681.023438 -11826.078125 14670.251804
231424 -22966.597656 -15606.526367 27767.396133
231936 1735.705566 -11350.550781 11482.494154
232448 21039.937500 5385.733398 21718.312273
232960 -4542.314941 4361.069336 6296.947832
233472 8130.951172 15173.390625 17214.648646
233984 -18472.392578 18693.125000 26280.452964
234496 -12595.907227 -5288.650391 13661.138459
235008 -6691.454102 4680.809570 8166.121233
235520 -11353.739258 -3750.204346 11957.065861
236032 -4308.165039 2331.373047 4898.528963
236544 -14909.753906 4631.837891 15612.645131
237056 10042.711914 5974.330078 11685.404914
237568 13801.875000 5808.664551 14974.389871
238080 4621.666992 2472.875000 5241.652030
238592 -29363.193359 -1741.523438 29414.792469
239104 2071.891846 4523.011719 4974.974573
239616 -8526.340820 13974.603516 16370.340009
240128 8420.852539 -14844.023438 17066.217390
240640 13172.964844 17783.250000 22130.769892
241152 6690.037109 -12310.636719 14011.008815
241664 -23102.902344 -19892.855469 30487.207547
242176 -2553.470703 -9468.118164 9806.399951
242688 1717.421143 24584.017578 24643.933452
243200 2958.372070 -584.057129 3015.474755
243712 8254.028320 -549.976074 8272.330748
244224 -434.852539 -14582.262695 14588.745251
244736 -8123.696289 -25333.455078 26604.104345
245248 11237.000977 -8919.507812 14346.700248
245760 -6356.036133 -4786.798828 7956.924029
246272 -3641.718262 11865.831055 12412.093458
246784 12581.976562 744.759277 12603.999365
247296 -1950.572754 6879.587891 7150.766672
247808 -2235.197998 -6264.945801 6651.740825
248320 28620.546875 -18816.019531 34251.689593
248832 -2705.082031 -470.182373 2745.640271
249344 -26296.244141 -7431.263672 27326.107663
249856 -38541.496094 20954.074219 43869.353677
250368 -32836.789062 6021.229492 33384.277018
250880 -16611.433594 -3996.305664 17085.379012
251392 -14020.052734 2504.895508 14242.063334
251904 14177.740234 12807.003906 19105.696742
252416 -16103.291016 -21049.558594 26502.827623
252928 -6526.407227 19007.300781 20096.553336
253440 2297.573730 -8065.908203 8386.758611
253952 -9158.425781 11033.546875 14339.313791
254464 23329.304688 -13043.815430 26728.216701
254976 7320.696289 -11688.806641 13792.055684
255488 4180.874023 -6741.169922 7932.406949
256000 1748.110718 -9434.607422 9595.191713
256512 -23632.080078 10895.084961 26022.646138
257024 21673.863281 -18487.992188 28487.931480
257536 -3952.547119 -2389.670410 4618.782740
258048 -2173.285156 -9862.148438 10098.769034
258560 37838.996094 -4034.463379 38053.468068
259072 -4723.542969 -4466.722168 6501.035610
259584 6602.829590 32994.390625 33648.582021
260096 -9509.857422 -2017.845947 9721.578884
260608 17899.388672 10180.296875 20591.905206
261120 -10924.492188 11159.016602 15616.279198
261632 -1890.862305 -17348.351562 17451.093719
262144 4158.486328 -13889.910156 14499.055418
262656 4098.935547 13813.402344 14408.725134
263168 14496.565430 -20895.732422 25431.910664
263680 13380.126953 -7855.344238 15515.612266
264192 13484.464844 5807.153320 14681.751394
264704 1593.244629 -10697.687500 10815.680838
265216 6885.623535 19259.292969 20453.169925
265728 -1375.791504 3028.734375 3326.564895
266240 4442.703125 4711.615723 6475.873377
266752 19965.007812 4579.618164 20483.516104
267264 -12303.173828 5230.394043 13368.810867
267776 -22869.117188 -4203.036621 23252.140031
268288 -12358.780273 5216.291016 13414.512738
268800 -10724.556641 3947.924072 11428.132656
269312 -10962.536133 -6758.667969 12878.540290
269824 8236.853516 -5578.363281 9948.059509
270336 -117.964844 -11662.044922 11662.641896
270848 2204.828125 22570.753906 22678.188287
271360 18015.851562 10885.568359 21049.144781
271872 -3907.193115 32861.468750 33092.933868
272384 -7200.090820 -4135.271484 8303.118450
272896 9691.998047 -28207.384766 29826.019245
273408 11528.595703 -9112.022461 14694.811057
273920 3721.708252 3556.923340 5148.088577
274432 -19186.083984 -9268.833984 21307.676739
274944 7330.385254 16118.203125 17706.806827
275456 -17138.744141 26160.285156 31274.542746
275968 -6838.424805 -2796.855469 7388.264478
276480 -5464.032227 11077.260742 12351.572531
276992 -22299.500000 10999.052734 24864.570135
277504 -11450.925781 17904.830078 21253.391635
278016 18607.875000 -625.152344 18618.373721
278528 -11473.693359 -11702.389648 16388.762980
279040 -9309.777344 -26480.101562 28068.981314
279552 -7996.546875 10946.503906 13556.205369
280064 -9108.807617 -24593.398438 26226.048730
280576 -2708.888184 10913.471680 11244.640323
281088 -6497.530762 -22433.761719 23355.761259
281600 -685.318848 3539.864258 3605.593016
282112 -8924.156250 2119.451172 9172.384641
282624 19229.066406 -8128.375000 20876.480930
283136 -8573.417969 -18627.792969 20506.051400
283648 9132.958984 9417.951172 13119.021915
284160 21747.158203 -13151.050781 25414.346814
284672 -3058.798828 -14717.159180 15031.667373
285184 -2352.344727 -23577.212891 23694.271375
285696 -1459.410156 -7969.752441 8102.273261
286208 23029.958984 2500.041016 23165.258816
286720 11762.156250 -691.295898 11782.453395
287232 5011.337891 11821.473633 12839.810591
287744 26768.917969 -32683.066406 42246.393456
288256 -4295.226562 28805.689453 29124.160142
288768 -29501.242188 6257.211426 30157.519261
289280 -9231.677734 -3025.324219 9714.754552
289792 -18400.695312 10941.840820 21408.163677
290304 -8513.871094 -12244.251953 14913.340069
290816 -6218.833008 13551.418945 14910.226289
291328 -19412.162109 17799.515625 26337.326820
291840 -10522.360352 -18531.421875 21310.412103
292352 -13555.044922 -7363.221680 15425.831841
292864 2604.408936 11650.895508 11938.438089
293376 -9915.788086 33843.257812 35265.974536
293888 -6288.995605 -3653.707520 7273.310388
294400 21168.068359 -23211.335938 31414.220474
294912 21188.142578 13855.233398 25316.098278
295424 -4896.004883 -6567.201172 8191.397683
295936 -10581.820312 8576.250000 13620.828756
296448 9421.291016 992.350708 9473.409524
296960 -11690.244141 26085.988281 28585.671376
297472 2903.252441 -22488.919922 22675.545947
297984 11867.318359 -15804.249023 19763.793968
298496 -17004.453125 10549.890625 20011.287215
299008 24419.496094 -16615.648438 29536.275188
299520 2314.496582 -2939.952148 3741.685984
300032 -1120.199829 -21308.035156 21337.460018
300544 -19482.501953 5352.889648 20204.487422
301056 -17412.974609 -262.970703 17414.960006
301568 3575.400391 -11438.958984 11984.710259
302080 20197.912109 -3071.990234 20430.192559
302592 3372.670410 -15673.652344 16032.413667
303104 9160.716797 -5598.250488 10735.881147
303616 549.724976 -9497.642578 9513.538564
304128 -24758.111328 -4286.460938 25126.437392
304640 10356.595703 -4983.122070 11493.066432
305152 25529.341797 -7949.742188 26738.467869
305664 -8426.273438 269.250977 8430.574358
306176 -33586.648438 13155.407227 36071.147473
306688 -18710.156250 -2329.852295 18854.659265
307200 5583.696289 -20257.771484 21013.209560
307712 -9168.748047 5365.476562 10623.289509
308224 31975.287109 -11804.050781 34084.521766
308736 -18945.359375 22380.220703 29322.362797
309248 -3973.781738 10233.361328 10977.824557
309760 9742.165039 29204.351562 30786.424021
310272 -3589.960693 -19164.019531 19497.370489
310784 4846.551758 7480.982422 8913.706300
311296 -6080.171387 -13315.928711 14638.388982
311808 20626.136719 -6761.462891 21706.102368
312320 -15662.009766 5309.992188 16537.670936
312832 19590.628906 -10960.183594 22448.126158
313344 3671.932617 22021.064453 22325.106226
313856 2525.746094 -8378.031250 8750.474273
314368 13290.957031 -17597.701172 22052.859406
314880 -16066.814453 14678.274414 21762.221210
315392 29551.843750 16516.693359 33854.285401
315904 9749.357422 2983.606934 10195.679477
316416 -26797.728516 -5103.027832 27279.280929
316928 24631.751953 -3242.683594 24844.279181
317440 18660.779297 -12276.574219 22336.941241
317952 -1236.682617 -15615.935547 15664.827353
318464 4910.642090 -3400.530273 5973.107399
318976 10689.831055 -16718.082031 19843.556939
319488 5360.816895 -18671.025391 19425.384629
320000 4349.540527 -10973.111328 11803.714670
320512 9.663086 -2519.896484 2519.915078
321024 2378.688721 5985.763672 6441.081276
321536 16145.463867 -3718.179688 16568.067600
322048 -3676.770996 -8567.363281 9323.001663
322560 2233.486816 -15655.628906 15814.145061
323072 1350.772217 158.532837 1360.043474
323584 16763.042969 1387.244141 16820.346727
324096 580.917969 13213.346680 13226.110539
324608 -16071.399414 -8332.382812 18102.995995
325120 6575.824707 -4408.395996 7916.781417
325632 -6211.130371 -18269.769531 19296.699821
326144 3920.369629 26148.636719 26440.887126
326656 -19586.046875 -5709.157227 20401.169378
327168 -11950.580078 -2606.203125 12231.461728
327680 4682.228516 20521.207031 21048.591402
328192 -5760.195801 -8549.708984 10309.091910
328704 13853.529297 -5980.836914 15089.423051
329216 -31142.291016 7339.296387 31995.430674
329728 -13641.040039 31678.574219 34490.725014
330240 -29596.783203 4637.532227 29957.908605
330752 -12061.246094 36957.296875 38875.640908
331264 -11616.134766 -15877.618164 19673.163040
331776 -25177.746094 -40236.957031 47465.056452
332288 9202.339844 -13805.321289 16591.261314
332800 15075.300781 2238.372803 15240.571118
333312 4801.840332 -33374.210938 33717.882733
333824 21077.566406 8177.850586 22608.428871
334336 33938.550781 11422.336914 35809.147435
334848 -6190.600586 -2642.496582 6730.997252
335360 14050.082031 -8455.824219 16398.346258
335872 -5957.461914 9387.773438 11118.526881
336384 -212.527344 3334.679932 3341.445496
336896 -8996.469727 -14460.669922 17030.778726
337408 20452.542969 -15633.000977 25742.906130
337920 -8859.704102 3968.681641 9707.975690
338432 -20105.367188 2080.150391 20212.689875
338944 5097.134277 5963.729980 7845.180431
339456 1736.334961 -20795.339844 20867.702126
339968 -8081.423340 4880.940918 9441.027063
340480 -33345.878906 -7931.046875 34276.072587
340992 13118.547852 9982.068359 16484.477062
341504 -4140.831055 5364.053711 6776.396683
342016 -7850.342773 6196.845703 10001.438697
342528 10402.669922 21207.478516 23621.445172
343040 -12533.363281 2961.530762 12878.504261
343552 -15238.751953 2566.655273 15453.390566
344064 -21112.968750 -10705.611328 23672.083812
344576 -10955.020508 -402.702637 10962.419441
345088 -12431.196289 -12330.507812 17509.313636
345600 9344.158203 -10266.172852 13881.916294
346112 4601.781250 5497.562988 7169.350598
346624 -7344.333008 -2394.790771 7724.911132
347136 -12971.891602 -5594.351562 14126.809123
347648 -18037.832031 8769.205078 20056.478654
348160 -6297.033203 33652.515625 34236.594223
348672 10547.939453 -16001.791016 19165.499002
349184 -1760.163086 -16290.029297 16384.847634
349696 -8281.143555 -985.714844 8339.602389
350208 -14606.182617 -18782.373047 23793.237359
350720 -8264.534180 -7630.238281 11248.247152
351232 -14067.500000 -530.604492 14077.503188
351744 -25161.710938 4307.333008 25527.725476
352256 14662.619141 25260.185547 29207.351403
352768 -26699.640625 4487.232910 27074.083844
353280 40370.179688 4614.418945 40633.043499
353792 -1717.843872 11153.743164 11285.254450
354304 17417.218750 -9540.561523 19859.048920
354816 16243.306641 -10542.896484 19364.856416
355328 -8396.603516 13841.603516 16189.284357
355840 12584.490234 -11852.712891 17287.457650
356352 -10561.055664 -7628.856445 13028.251763
356864 -30342.490234 6954.763184 31129.333305
357376 17434.642578 -24224.386719 29846.066944
357888 -758.503418 -7677.061035 7714.440744
358400 -6691.556641 27924.437500 28714.999007
358912 2126.108398 9789.841797 10018.050509
359424 -2652.850586 -40745.250000 40831.518806
359936 -7256.293945 -6965.891602 10058.699717
360448 9040.540039 20917.359375 22787.437241
360960 -13742.199219 11788.653320 18105.810780
361472 -6770.728516 -19560.503906 20699.180274
361984 -13524.175781 -3022.414062 13857.789145
362496 -2256.481445 -29842.607422 29927.795776
363008 -43548.843750 14886.292969 46022.857625
363520 -21110.392578 8473.371094 22747.454539
364032 20631.884766 -10609.951172 23200.122758
364544 -3749.273926 2497.743164 4505.083351
365056 5976.092773 12081.897461 13479.091958
365568 -22987.351562 19429.558594 30098.605948
366080 8054.996582 -10289.070312 13067.055368
366592 -902.465088 24117.890625 24134.769607
367104 19998.986328 29445.878906 35595.214060
367616 -13337.801758 8983.058594 16080.805452
368128 -24258.074219 -16101.418945 29115.456788
368640 -2752.249023 -24218.634766 24374.517841
369152 -20649.943359 4957.910156 21236.784691
369664 3602.473145 -772.808594 3684.432928
370176 -13306.725586 -16846.089844 21467.643373
370688 -1144.660645 32645.593750 32665.655603
371200 12773.318359 -3781.083984 13321.195742
371712 6506.023438 7003.502441 9559.152264
372224 -2049.484375 9373.245117 9594.691866
372736 -3717.389893 2974.167969 4760.741959
373248 31211.820312 13944.574219 34185.214114
373760 -1960.020996 6536.386719 6823.931125
374272 -16353.873047 -21221.019531 26791.432660
374784 13598.407227 -14110.547852 19596.536837
375296 -11486.578125 -2210.165039 11697.277632
375808 -30915.925781 8416.750000 32041.163524
376320 -6236.916992 4384.516602 7623.852045
376832 -13.597168 -20016.976562 20016.981591
377344 4755.828125 12061.031250 12964.813304
377856 5904.352539 -36027.312500 36507.926153
378368 -8941.576172 -1876.875000 9136.434753
378880 -3151.166016 -454.079102 3183.714026
379392 167.181641 4541.857422 4544.933223
379904 -7973.433594 -34009.226562 34931.406155
380416 1400.536133 -11540.251953 11624.926322
380928 -5617.154297 -6174.028809 8346.918953
381440 10601.849609 20981.083984 23507.554530
381952 -24480.589844 -1391.640625 24520.112235
382464 -16857.478516 15216.125000 22709.140362
382976 16045.859375 13414.109375 20914.299797
383488 8038.179199 -2561.881104 8436.560911
384000 6977.162598 -1932.018066 7239.716017
384512 4814.648438 7002.470215 8497.965874
385024 7303.513672 -23399.154297 24512.481719
385536 -3907.510742 -3528.956055 5265.184897
386048 5635.951172 -552.076050 5662.926275
386560 -31997.751953 -5204.763184 32418.292120
387072 -3611.863770 -9153.565430 9840.392269
387584 -20297.050781 14527.901367 24960.573070
388096 37655.390625 11243.996094 39298.293093
388608 -4093.816895 -13615.744141 14217.870445
389120 -9500.835938 11701.738281 15073.040304
389632 -20190.388672 7206.536133 21437.956619
390144 15464.564453 -9171.497070 17979.686315
390656 3944.163086 15161.173828 15665.809906
391168 -3508.993408 11817.679688 12327.635296
391680 6719.539551 10097.441406 12128.912894
392192 -10124.178711 -12939.650391 16429.655139
392704 676.967407 -13138.880859 13156.309513
393216 -6528.220703 -11256.159180 13012.255147
393728 28038.462891 3258.535645 28227.175558
394240 1816.937500 -3228.688477 3704.819969
394752 -24817.140625 -1229.583008 24847.582740
395264 4773.735352 8784.501953 9997.800958
395776 -24098.621094 19694.035156 31122.315595
396288 11396.837891 -12034.250000 16574.410155
396800 3827.324951 -8862.128906 9653.276335
397312 -20924.867188 -727.657227 20937.515421
397824 -39199.593750 13267.603516 41384.023971
398336 -3561.571777 5346.880859 6424.478812
398848 6627.033691 1000.268066 6702.097582
399360 -13745.005859 1823.167480 13865.392890
399872 -7076.829102 -13062.976562 14856.745269
400384 -31541.382812 -33987.128906 46367.917184
400896 -11150.055664 -11726.865234 16181.567291
401408 12376.162109 6184.000000 13835.145391
401920 -23568.978516 7707.695312 24797.285013
402432 26829.982422 3651.054688 27077.261900
402944 -7434.769531 17104.232422 18650.216085
403456 5589.774414 -7250.611328 9155.159420
403968 13517.744141 12688.852539 18540.129018
404480 -26935.212891 -7418.618164 27938.174028
404992 4445.439941 1554.580933 4709.422258
405504 11121.957031 5431.119141 12377.195805
406016 -3177.701660 -11938.783203 12354.446001
406528 -12689.186523 -7979.831055 14989.768244
407040 1609.603149 5712.968750 5935.388446
407552 513.458984 -13480.106445 13489.881838
408064 -4294.779785 -24630.833984 25002.461319
408576 -3707.858154 -10452.806641 11090.959201
409088 7827.589355 -2594.931641 8246.503744
409600 -9291.604492 -24998.171875 26669.130020
410112 4663.986816 -10196.065430 11212.159828
410624 -3731.643066 -8062.369629 8884.084646
411136 -11493.136719 -60.205566 11493.294393
411648 1833.363770 -10527.917969 10686.359530
412160 5607.453125 6609.355957 8667.590207
412672 7312.862793 21015.046875 22251.070626
413184 2654.084961 4686.248047 5385.637195
413696 17023.197266 -23361.974609 28906.247352
414208 23804.240234 -2393.463867 23924.265840
414720 13590.003906 -6222.778320 14946.945641
415232 24776.179688 -9903.199219 26682.061689
415744 -4499.633789 4615.938965 6446.207878
416256 24390.742188 -9388.322266 26135.204151
416768 31204.722656 -3080.974121 31356.452861
417280 -12763.426758 -31823.003906 34287.148846
417792 -20208.626953 -13675.364258 24400.904901
418304 3042.890137 18900.496094 19143.874634
418816 12761.127930 -4405.358887 13500.132148
419328 -599.594482 9290.505859 9309.833941
419840 -12677.000977 -15292.676758 19863.844542
420352 7059.830078 -7449.950684 10263.671858
420864 -13464.402344 -4021.446289 14052.122971
421376 12348.763672 6155.836914 13798.054356
421888 18494.484375 9830.384766 20944.747122
422400 -3343.125000 5841.235840 6730.268940
422912 127.141602 27045.281250 27045.580489
423424 3205.769043 7919.626953 8543.854400
423936 -22486.882812 -1684.218994 22549.867228
424448 -15985.581055 -14017.455078 21260.946357
424960 15665.636719 -859.965332 15689.222798
425472 2903.659180 -7393.346680 7943.098388
425984 19651.283203 862.555176 19670.204066
426496 -11508.312500 11750.142578 16447.100170
427008 -24247.748047 27971.917969 37018.665130
427520 -3141.886719 -268.434570 3153.332999
428032 20806.310547 -11319.535156 23686.165414
428544 -1798.446533 -16016.259766 16116.916330
429056 7028.308594 -12410.702148 14262.630893
429568 1265.396484 -6878.281250 6993.710031
430080 30889.976562 10399.582031 32593.587590
430592 -34304.074219 6809.401855 34973.383251
431104 -7339.541992 -3577.874023 8165.173605
431616 -6088.171387 4936.405273 7837.979842
432128 -44.959961 5488.672363 5488.856529
432640 -4692.002930 6770.742188 8237.587025
433152 -12971.013672 8711.828125 15625.080864
433664 -2768.380615 434.116760 2802.211359
434176 17837.123047 -10769.574219 20836.186983
434688 2959.323730 2121.262207 3641.064405
435200 -8907.282227 -1095.593506 8974.408504
435712 78.082458 5840.611328 5841.133109
436224 4356.758789 5831.552734 7279.310132
436736 -15557.499023 -4366.556641 16158.669252
437248 4615.083496 7224.764648 8572.993876
437760 -27858.013672 -37717.050781 46889.708210
438272 -4491.258301 993.003662 4599.723687
438784 -12535.098633 6158.323730 13966.161391
439296 6361.089844 16698.169922 17868.752615
439808 33022.988281 34.637207 33023.005799
440320 -8109.780762 -5903.169922 10030.750720
440832 19114.466797 -8050.975586 20740.806542
441344 -17452.822266 -5172.779297 18203.258609
441856 -2069.098633 24913.818359 24999.590397
442368 -5311.164062 -8120.237793 9702.923271
442880 -4405.416504 9520.292969 10490.170256
443392 15640.179688 243.909790 15642.081191
443904 22413.541016 -6179.425781 23249.776945
444416 15642.919922 14617.260742 21409.466317
444928 18352.847656 28252.730469 33690.411692
445440 1425.756836 13700.399414 13774.386665
445952 -15701.687500 21470.216797 26599.120587
446464 -26141.728516 7716.086914 27256.704423
446976 13774.713867 -7659.132812 15760.871042
447488 5775.763672 -29691.523438 30248.074054
448000 -10727.845703 -483.698730 10738.744806
448512 -13784.175781 12248.778320 18440.067679
449024 6869.601562 -6978.676758 9792.515101
449536 -12467.821289 -19408.085938 23067.734002
450048 3384.509277 -42.363770 3384.774439
450560 -19268.105469 -5203.468750 19958.356646
451072 -19632.634766 1211.267944 19669.964921
451584 -2582.349121 -25627.142578 25756.921555
452096 -10392.088867 -1965.562012 10576.338875
452608 -13232.662109 -18824.683594 23010.259972
453120 6445.201172 -1354.215698 6585.933495
453632 25568.035156 14224.734375 29258.630453
454144 21177.019531 -10351.110352 23571.415910
454656 -2197.149658 -23266.943359 23370.453825
455168 2718.000000 -7611.144531 8081.896065
455680 15544.455078 -31893.886719 35480.276887
456192 18129.791016 -6927.814941 19408.347070
456704 9289.817383 12553.790039 15617.245340
457216 11252.318359 7462.198242 13501.817359
457728 4628.655273 2128.574707 5094.632470
458240 22432.980469 14619.481445 26776.255750
458752 8849.068359 -4162.611328 9779.230236
459264 -1653.177002 -8102.654785 8269.583303
459776 -6571.428711 -9977.147461 11946.846948
460288 -1105.580566 -11054.295898 11109.444991
460800 -17188.916016 -23580.054688 29180.094037
461312 -19567.980469 -24872.384766 31647.138512
461824 -24961.082031 6952.861328 25911.346704
462336 18830.605469 -11092.031250 21854.630265
462848 2438.607666 -20660.017578 20803.440485
463360 2388.393555 21897.251953 22027.120738
463872 6799.570312 -17988.318359 19230.541542
464384 21949.462891 3249.665527 22188.718575
464896 -6639.728516 -3393.669434 7456.741111
465408 -3208.625488 8368.132812 8962.194374
465920 -1347.247559 -13788.908203 13854.568055
466432 -2212.476318 18136.714844 18271.164604
466944 2314.916016 892.644531 2481.058242
467456 -6845.526367 -490.422485 6863.071324
467968 24131.230469 1042.278198 24153.728987
468480 -27138.087891 2963.879883 27299.458163
468992 12398.175781 -6648.374023 14068.249642
469504 -1623.616211 -10921.471680 11041.497724
470016 7170.036133 -14414.978516 16099.721240
470528 -13715.625000 -37216.296875 39663.222259
471040 7124.748047 12412.523438 14311.979877
471552 45393.468750 16696.261719 48366.642389
472064 -3518.237793 -6354.518555 7263.463637
472576 -231.894653 -6806.097168 6810.046696
473088 5751.730469 8656.025391 10392.746701
473600 -4794.818848 20712.986328 21260.717580
474112 3703.246826 12652.226562 13183.052150
474624 3656.835938 -7321.929199 8184.320131
475136 -9936.582031 -7329.371582 12347.281482
475648 -350.794922 2043.838379 2073.724307
476160 13038.184570 12657.907227 18171.870129
476672 1719.131836 25585.148438 25642.839156
477184 2117.947754 -7903.048340 8181.923735
477696 -5704.748047 17028.343750 17958.525552
478208 11865.859375 -282.449707 11869.220699
478720 -11688.091797 925.493652 11724.676200
479232 -1255.624023 -27743.558594 27771.957079
479744 -11077.365234 -24079.900391 26505.652831
480256 -1316.322144 -11085.900391 11163.775705
480768 1353.096680 14741.980469 14803.947041
481280 -540.821777 13059.515625 13070.709239
481792 3946.805664 -2084.380859 4463.397585
482304 -19627.496094 28987.751953 35007.546615
482816 10190.739258 3202.251465 10682.021532
483328 38717.390625 -3701.871094 38893.959634
483840 -6743.123047 4833.168945 8296.338469
484352 24447.208984 -9258.886719 26141.786932
484864 -15750.013672 -17091.384766 23241.737629
485376 -17061.300781 -12895.652344 21386.581213
485888 -1819.248535 -11012.743164 11161.996954
486400 22277.517578 -6141.663086 23108.608959
486912 16227.742188 -2138.893799 16368.093353
487424 2990.759766 -13425.914062 13754.992112
487936 -447.828369 -20206.400391 20211.362349
488448 -2950.629883 -10536.426758 10941.777918
488960 -3716.813965 10523.621094 11160.703562
489472 7381.509277 21585.531250 22812.756431
489984 -3260.182129 -13146.021484 13544.248669
490496 751.655518 -2127.743652 2256.607853
491008 4708.665527 2430.524414 5298.960275
491520 7759.361328 -10024.386719 12676.593233
492032 4083.214355 17866.255859 18326.913106
492544 -10170.339844 -11088.100586 15045.989233
493056 -33933.203125 5294.599121 34343.777311
493568 20069.148438 -20471.019531 28667.635829
494080 9725.962891 -13896.813477 16962.186651
494592 31461.835938 -4603.819336 31796.890414
495104 9520.113281 -3986.622070 10321.129396
495616 11952.707031 18967.949219 22419.864050
496128 -8661.046875 -15721.590820 17949.432972
496640 3325.974121 4667.792969 5731.526498
497152 4617.688965 -13520.967773 14287.744119
497664 1116.141602 -9414.827148 9480.756510
498176 11877.086914 -28528.238281 30901.869976
498688 -11482.633789 -12978.082031 17328.631567
499200 6774.793457 -1424.765625 6922.989528
499712 -3489.272705 -16680.240234 17041.286336
500224 -12767.193359 -3062.452881 13129.350936
500736 8791.676758 2701.898926 9197.490962
501248 3420.376953 -10963.415039 11484.574350
501760 -888.662354 14748.486328 14775.235497
502272 -6799.342773 14278.292969 15814.572520
502784 8246.816406 -13044.808594 15432.984417
503296 -28269.136719 -3728.314453 28513.933717
503808 2761.934082 -975.617310 2929.182309
504320 17797.078125 -15683.074219 23721.188503
504832 -5393.772461 -30274.154297 30750.889678
505344 11677.485352 -715.650879 11699.394172
505856 -25920.648438 8900.577148 27406.208932
506368 -1865.792480 15769.888672 15879.879597
506880 14704.943359 8890.781250 17183.752326
507392 -14129.851562 494.769287 14138.511379
507904 10970.442383 1732.802246 11106.448937
508416 1435.055664 -11700.445312 11788.121479
508928 -31208.542969 -639.088379 31215.086609
509440 -22342.693359 8919.954102 24057.463208
509952 -22909.978516 4549.080566 23357.251893
510464 550.970459 8563.209961 8580.916967
510976 -12903.309570 18503.933594 22558.611305
511488 -15320.538086 -3244.381592 15660.296804
512000 -3693.493408 -226.125000 3700.409031
512512 -2871.455811 -8700.414062 9162.012006
513024 2990.627441 4309.832520 5245.808613
513536 -11109.485352 -28199.289062 30308.753587
514048 4792.389648 -17918.873047 18548.666367
514560 1653.929443 -3197.552002 3599.975278
515072 5773.668457 12288.713867 13577.471930
515584 -1193.762695 -21247.277344 21280.785700
516096 -4919.229980 12372.935547 13314.967217
516608 -30089.808594 20231.468750 36258.916035
517120 6981.167969 -5660.252930 8987.500654
517632 -1062.894653 8465.805664 8532.268631
518144 -948.497070 -6030.072754 6104.213627
518656 -12161.056641 -14178.636719 18679.535754
519168 -8241.746094 -3399.339355 8915.261522
519680 -37261.820312 7229.859375 37956.740008
520192 -9066.260742 348.344727 9072.950127
520704 34889.347656 -17369.070312 38973.724071
521216 9778.418945 4604.796875 10808.405618
521728 11124.025391 -22788.802734 25358.893351
522240 16169.207031 18857.968750 24840.818022
522752 6557.506836 19880.169922 20933.753796
523264 16706.125000 34893.953125 38686.982617
523776 10170.145508 896.821045 10209.610375
524288 2020.895264 1858.278320 2745.399060
524800 7197.267090 -5408.280273 9002.785347
525312 1487.964600 -11563.750977 11659.089501
525824 908.883301 -13006.163086 13037.880809
526336 15166.768555 -15952.865234 22011.923314
526848 -14836.452148 -13247.433594 19890.068275
527360 7258.519531 -4497.442871 8538.916559
527872 -1328.736328 -24382.029297 24418.208288
528384 -15727.244141 -9323.544922 18283.180467
528896 -5484.930664 -4988.946289 7414.448597
529408 -11449.608398 26087.132812 28489.155832
529920 20745.517578 24224.835938 31893.874020
530432 5806.016602 5502.512695 7999.216962
530944 17602.330078 19133.578125 25998.766740
531456 33118.687500 -13558.109375 35786.447491
531968 -16643.847656 7929.104492 18436.061185
532480 -3715.464355 27389.644531 27640.501298
532992 -22117.316406 842.367188 22133.351486
533504 -5820.832031 -8894.382812 10629.775539
534016 23286.464844 568.822266 23293.411944
534528 5480.198242 6263.775879 8322.707252
535040 -30251.783203 -15359.308594 33927.551989
535552 3474.495117 10113.708008 10693.886104
536064 9308.085938 -4543.693359 10357.877003
536576 12443.901367 -2805.030273 12756.131075
537088 17068.435547 -19636.722656 26017.923668
537600 -26510.250000 3276.439941 26711.952081
538112 -26355.634766 6453.036133 27134.132011
538624 -4997.508789 12427.881836 13395.048637
539136 -10374.840820 1902.166016 10547.774742
539648 -1618.014160 -18853.962891 18923.263144
540160 -32369.837891 -251.736328 32370.816486
540672 -13424.086914 -205.829102 13425.664974
541184 22840.980469 -23944.656250 33091.643900
541696 902.375488 5242.656250 5319.748678
542208 23116.142578 383.767731 23119.327326
542720 3627.940674 -42831.402344 42984.776468
543232 -8926.029297 6268.835938 10907.442597
543744 -11716.384766 9580.069336 15134.443895
544256 -8001.309570 -4325.124512 9095.474479
544768 -3079.563477 -13905.723633 14242.642451
545280 -3687.185059 -7402.325195 8269.809671
545792 -4404.715332 9093.182617 10103.835311
546304 17437.900391 8592.955078 19440.145678
546816 -893.349609 8380.189453 8427.671565
547328 -24532.392578 -4126.870117 24877.084074
547840 11786.097656 14941.699219 19030.671664
548352 2215.763184 -11451.406250 11663.803153
548864 -30714.865234 8702.378906 31923.883473
549376 -3679.017578 -9458.203125 10148.535658
549888 12537.943359 -25523.482422 28436.739054
550400 -17595.789062 5802.208008 18527.747839
550912 -20179.685547 5006.803711 20791.532122
551424 11488.296875 24953.753906 27471.273141
551936 -5655.408203 14678.249023 15730.055308
552448 11719.727539 221.825439 11721.826479
552960 -4172.767578 -1945.265625 4603.916594
553472 5178.094727 -23467.697266 24032.175765
553984 14022.025391 17181.861328 22177.320307
554496 -2641.272461 -10969.751953 11283.252013
555008 -1371.337402 -8577.005859 8685.942666
555520 3132.032471 28266.765625 28439.754711
556032 -10198.106445 -14746.402344 17929.243152
556544 676.916992 4249.583008 4303.158375
557056 259.619629 -20058.078125 20059.757925
557568 -29798.242188 13324.121094 32641.498985
558080 -3006.408203 -44966.191406 45066.582564
558592 14960.710938 -20047.468750 25014.472611
559104 -61.856812 7503.709473 7503.964552
559616 19937.419922 5155.870117 20593.292889
560128 -3534.590332 -5706.065918 6712.117103
560640 -11491.275391 -1052.705078 11539.393398
561152 -4114.143555 -1681.346191 4444.446422
561664 -9254.919922 -15490.330078 18044.497000
562176 8568.298828 -2954.394531 9063.343312
562688 16265.931641 2514.577637 16459.149917
563200 -1814.652344 1200.965332 2176.070082
563712 -6533.726074 -3935.552734 7627.460390
564224 -4335.922363 -12401.536133 13137.667982
564736 9810.950195 7594.446289 12406.867776
565248 17310.000000 14802.451172 22776.054794
565760 7642.502441 7590.195312 10771.207546
566272 14857.825195 19137.316406 24227.915139
566784 -4426.680176 27537.904297 27891.427213
567296 5958.047852 -10252.555664 11858.045033
567808 -10181.267578 -7436.616699 12607.992386
568320 -2124.163086 -23049.164062 23146.836328
568832 9520.356445 1709.626465 9672.642245
569344 2065.883789 16155.876953 16287.425825
569856 -40452.343750 -1392.923828 40476.317619
570368 17773.863281 16225.886719 24066.358927
570880 6769.170410 -1469.007935 6926.734584
571392 -15404.298828 -7387.729492 17084.231794
571904 13232.560547 7661.644531 15290.567550
572416 3565.400391 37831.507812 37999.146096
572928 2687.089355 -8137.043945 8569.243607
573440 30269.105469 41144.757812 51079.448078
573952 17544.376953 33159.289062 37514.578713
574464 -490.485840 -5745.257324 5766.156259
574976 18180.091797 13017.693359 22360.144543
575488 7623.250000 21068.119141 22404.900892
576000 16036.777344 -9020.882812 18399.852173
576512 10948.912109 8498.674805 13860.236073
577024 -4415.492188 -2008.392334 4850.794986
577536 11417.022461 20631.335938 23579.661745
578048 -7890.739258 2989.317383 8437.996445
578560 -4331.614258 -23730.652344 24122.743459
579072 13608.980469 5786.021484 14787.913984
579584 -19772.021484 24175.425781 31231.139332
580096 3049.180176 -16439.996094 16720.376072
580608 32404.011719 5908.819336 32938.338513
581120 -8315.199219 -15284.880859 17400.290572
581632 3331.911377 4252.929688 5402.688590
582144 -15412.245117 17377.972656 23227.810917
582656 -4722.979492 -9985.724609 11046.322103
583168 -11175.232422 -7340.033203 13370.187134
583680 -5324.366699 1244.410889 5467.854972
584192 -22404.869141 -22286.992188 31602.028289
584704 -1509.178711 5276.993164 5488.558645
585216 -2733.872314 -5479.332031 6123.490508
585728 -11341.282227 -4939.327148 12370.191268
586240 21294.250000 13571.679688 25251.447166
586752 23873.548828 17318.185547 29493.488366
587264 5226.712402 -29912.876953 30366.078970
587776 20865.054688 -3457.501221 21149.581556
588288 -3234.798828 -3362.657715 4665.982212
588800 -6034.964844 5001.211914 7837.915539
589312 -23302.937500 -8534.509766 24816.621527
589824 8745.257812 -15678.619141 17952.677349
590336 4134.115234 -2501.784668 4832.166595
590848 -8995.602539 18085.673828 20199.318008
591360 -2968.185059 -9982.713867 10414.638544
591872 -5229.067871 31863.039062 32289.261621
592384 -447.166687 18378.955078 18384.394252
592896 19946.093750 -9397.460938 22049.011588
593408 10240.851562 1060.626221 10295.628587
593920 -2813.348145 -3922.634033 4827.213068
594432 -3651.664062 21392.535156 21701.963782
594944 9064.283203 3641.264160 9768.318177
595456 17111.890625 -15139.708984 22847.922969
595968 -13330.370117 22161.869141 25862.080968
596480 16446.109375 5080.255859 17212.888195
596992 7935.479492 544.360352 7954.128739
597504 9604.646484 15525.585938 18256.315510
598016 -14187.655273 6610.460938 15652.084845
598528 -11457.286133 5553.037109 12732.071002
599040 18488.070312 -21077.146484 28036.669702
599552 3927.023682 9382.911133 10171.555240
600064 1783.254639 524.429443 1858.769284
600576 3801.524414 -22254.013672 22576.374908
601088 -11016.056641 4344.161133 11841.674206
601600 -7572.760742 2560.862793 7994.042782
602112 6427.732910 13082.240234 14576.034029
602624 -22905.656250 14751.109375 27244.528258
603136 733.283203 22279.882812 22291.946528
603648 802.849365 20411.212891 20426.996255
604160 4989.001953 -4707.587891 6859.411345
604672 5707.767578 -486.740723 5728.483744
605184 -1587.404785 -16705.396484 16780.646948
605696 7452.243164 -39626.214844 40320.873006
606208 -34203.835938 4014.033447 34438.566288
606720 -20781.056641 -21885.214844 30179.711331
607232 -14333.585938 -16447.496094 21816.778131
607744 -20967.695312 -13549.804688 24964.804666
608256 6243.385254 -16029.391602 17202.361698
608768 5908.600098 -4007.847656 7139.635845
609280 13738.759766 23354.484375 27095.857100
609792 21484.158203 12678.185547 24946.049948
610304 7225.487793 -16864.277344 18346.975773
610816 -2827.303467 -2036.833008 3484.585198
611328 -2377.832275 -954.706055 2562.332921
611840 -20628.888672 8475.835938 22302.261051
612352 28170.568359 -9242.120117 29647.895305
612864 -6776.369141 -3834.851562 7786.222961
613376 -1439.070068 17915.898438 17973.601086
613888 13887.470703 -19323.199219 23795.963355
614400 -2695.973633 8410.608398 8832.134963
614912 -15917.176758 20885.302734 26259.329466
615424 -14064.607422 3529.535645 14500.717224
615936 9779.716797 12996.436523 16264.999969
616448 -1516.931641 -4363.217773 4619.388704
616960 8676.966797 -7923.581543 11750.442375
617472 -14212.241211 17040.263672 22189.150502
617984 -8842.300781 2766.135742 9264.868267
618496 -14054.427734 9617.945312 17030.320255
619008 18118.410156 -18343.751953 25783.134953
619520 -8781.025391 12531.328125 15301.653767
620032 10706.459961 -3580.949707 11289.441439
620544 -21492.736328 14779.637695 26084.007054
621056 -4239.542969 8780.658203 9750.573316
621568 -9483.563477 15158.225586 17880.430420
622080 -4154.727539 -883.119629 4247.547528
622592 -11461.125000 -3492.800293 11981.529118
623104 -6102.956543 -4350.145020 7494.654095
623616 2515.843750 11856.849609 12120.823074
624128 -31675.156250 -6647.076172 32365.091318
624640 -2315.953613 -11813.744141 12038.612545
625152 -21604.587891 11777.711914 24606.354952
625664 20448.136719 -499.028809 20454.225187
626176 18814.269531 31466.517578 36662.222082
626688 15652.429688 -27954.816406 32038.574750
627200 -9862.113281 43070.062500 44184.743792
627712 -32466.890625 -16367.483398 36359.228155
628224 -9251.937500 15640.105469 18171.715164
628736 47010.382812 21579.179688 51726.559831
629248 -6491.795410 18596.484375 19697.020282
629760 -3137.886475 -25186.871094 25381.584505
630272 -1376.648438 18290.259766 18341.994657
630784 8478.874023 14585.378906 16870.820253
631296 -29136.355469 -3893.113281 29395.298672
631808 13260.412109 7640.779297 15304.248822
632320 2819.452148 -15845.351562 16094.237478
632832 12679.662109 9015.548828 15558.083172
633344 -21399.863281 -2317.576660 21524.992729
633856 2102.478516 5777.987305 6148.621959
634368 20975.375000 7086.246094 22140.037218
634880 7086.008789 1378.026367 7218.758619
635392 4672.593750 -17285.324219 17905.740755
635904 5623.584961 6554.783691 8636.544216
636416 2457.308105 -21076.558594 21219.323269
636928 -4488.107422 15984.447266 16602.580040
637440 15188.912109 -2800.634766 15444.954127
637952 -6372.398438 10466.737305 12253.980904
638464 -19967.873047 -7268.725586 21249.713786
638976 -19778.878906 -21922.773438 29526.464333
639488 -18496.425781 2172.336426 18623.554978
640000 5377.460449 12893.871094 13970.289618
640512 3167.617676 15573.582031 15892.459596
641024 8359.360352 -29934.898438 31080.171943
641536 3237.044434 15473.669922 15808.634603
642048 2077.522461 22527.742188 22623.334502
642560 76.093262 -9781.444336 9781.740540
643072 -24781.048828 -21558.132812 32845.903489
643584 24509.974609 21318.937500 32484.395762
644096 -7172.670898 7756.212891 10564.376366
644608 21733.601562 -5797.437500 22493.548231
645120 -6363.069336 -8275.669922 10439.126400
645632 2096.945068 -11066.126953 11263.052162
646144 -5206.595215 17415.177734 18176.827446
646656 -907.601562 -21869.763672 21888.588442
647168 13979.744141 -6507.988770 15420.349153
647680 -12585.059570 24981.355469 27972.340624
648192 -3739.806641 -23896.480469 24187.351405
648704 -1912.289795 24218.558594 24293.937351
649216 9281.252930 -732.240234 9310.093018
649728 -17456.515625 -1221.525391 17499.202268
650240 17697.382812 3934.405273 18129.448309
650752 4865.231445 14353.556641 15155.694375
651264 -15423.262695 24023.703125 28548.473865
651776 -867.291992 14195.342773 14221.812543
652288 -6259.624023 -2769.632812 6844.980643
652800 909.171509 16858.990234 16883.486844
653312 7574.743164 -10599.275391 13027.715686
653824 -10820.872070 -21517.205078 24084.879240
654336 -21148.574219 -963.556641 21170.513078
654848 -27798.828125 15859.396484 32004.613667
655360 9235.726562 -10779.527344 14194.959105
655872 12344.148438 1863.969238 12484.085229
656384 -3973.225586 18651.861328 19070.355634
656896 4892.917969 4855.407715 6893.158347
657408 -361.998535 -19458.167969 19461.534575
657920 3399.398682 -7701.409668 8418.291038
658432 -23400.419922 20418.244141 31056.148377
658944 21996.123047 6376.951660 22901.854597
659456 3772.952637 25237.376953 25517.844423
659968 -4374.245605 -1583.811035 4652.148106
660480 -13020.613281 -6071.894531 14366.776674
660992 15783.688477 -14508.443359 21438.743993
661504 -8343.843750 15161.941406 17306.189413
662016 -13036.084961 6654.927734 14636.514886
662528 2981.986328 16088.060547 16362.088375
663040 -19202.720703 -1066.479248 19232.312809
663552 -12433.947266 1859.365356 12572.202353
664064 14721.257812 8688.331055 17093.932491
664576 2346.320801 -8094.281250 8427.491204
665088 2313.746338 -10838.315430 11082.531480
665600 -17870.998047 17473.445312 24993.877010
666112 15234.372070 -28063.642578 31932.023801
666624 -6742.111328 -5363.741699 8615.439165
667136 -9775.547852 25172.835938 27004.314914
667648 784.565857 399.100098 880.241125
668160 -2873.522217 9257.972656 9693.667211
668672 -11407.800781 13329.224609 17544.404920
669184 18512.234375 16775.058594 24982.101753
669696 12419.802734 -17384.714844 21365.388084
670208 -2365.175537 14921.689453 15107.973524
670720 -13131.103516 -14539.414062 19591.335228
671232 -14079.967773 -15101.147461 20646.795006
671744 -13018.355469 14219.617188 19278.877146
672256 597.382141 -15893.225586 15904.448686
672768 1686.617188 3925.448730 4272.449649
673280 10264.763672 5283.859863 11544.892897
673792 3679.390137 -9619.296875 10298.970046
674304 -6612.574707 -32024.980469 32700.542870
674816 -32462.910156 20805.621094 38557.935214
675328 12781.303711 -21063.818359 24638.306435
675840 20021.988281 1765.164062 20099.646962
676352 -15329.544922 -9014.897461 17783.793971
676864 3539.305664 1619.140259 3892.081705
677376 7560.949707 7762.273926 10836.090439
677888 -1611.417969 -17398.013672 17472.479847
678400 -10335.671875 3745.673828 10993.460966
678912 -9937.376953 15130.637695 18102.144845
679424 11250.556641 13085.813477 17257.274872
679936 -2018.802979 24555.675781 24638.522034
680448 16864.859375 -29982.833984 34400.491159
680960 -9719.335938 20020.812500 22255.301211
681472 -102.333374 -15888.883789 15889.213448
681984 -23810.695312 599.520508 23818.241077
682496 3807.013672 8265.124023 9099.759557
683008 -5754.740234 -17214.759766 18151.170541
683520 10274.085938 -12747.123047 16372.109943
684032 28719.765625 -5989.163086 29337.604538
684544 2983.074463 -17260.677734 17516.555826
685056 -26819.480469 -23950.238281 35956.896863
685568 -10491.008789 7266.329102 12761.692678
686080 19460.121094 703.754883 19472.842217
686592 14217.240234 -4492.625000 14910.184439
687104 5183.774414 -25038.191406 25569.171437
687616 -2790.593994 11975.371094 12296.216003
688128 -5617.459961 4383.364746 7125.289047
688640 -6301.963867 5569.033691 8410.046373
689152 -19499.679688 -8851.866211 21414.785173
689664 19175.603516 9195.258789 21266.324929
690176 -11042.601562 -6447.145508 12786.897043
690688 23963.712891 1152.783203 23991.423801
691200 -6562.754883 -15821.325195 17128.458658
691712 4271.355957 -17189.539062 17712.276421
692224 -27739.210938 -7424.167480 28715.537258
692736 7835.985840 -14395.597656 16390.116046
693248 -27482.830078 13561.007812 30646.481821
693760 4272.611328 -10686.344727 11508.830001
694272 -9540.106445 -12184.972656 15475.373469
694784 2138.365723 14286.695312 14445.839263
695296 6570.627930 9525.455078 11571.838575
695808 10978.732422 14343.079102 18062.571246
696320 -10598.714844 3714.843506 11230.887053
696832 88.366531 5041.244141 5042.018445
697344 1513.248901 -8656.621094 8787.889849
697856 -7727.569824 -9359.295898 12137.204950
698368 1118.403320 5330.913086 5446.967964
698880 -8488.673828 -584.510254 8508.774295
699392 22213.316406 28852.808594 36413.128182
699904 -12300.621094 17229.203125 21169.570614
700416 11827.736328 -3696.994141 12392.058102
700928 -15328.941406 16264.211914 22349.520263
701440 -15931.296875 2237.404053 16087.641468
701952 5622.041992 13504.707031 14628.207819
702464 23131.101562 -17507.238281 29009.502443
702976 -6664.380859 -21067.984375 22096.921777
703488 3111.657227 -500.481079 3151.649092
704000 4884.461914 14655.348633 15447.887105
704512 12042.892578 25646.242188 28333.036547
705024 -29538.689453 1660.018555 29585.296889
705536 -3415.879639 -8902.543945 9535.382530
706048 -5189.820801 -13854.064453 14794.233471
706560 8866.950195 2177.996094 9130.524191
707072 9098.579102 -21784.794922 23608.502875
707584 21112.691406 2084.799805 21215.374802
708096 -13496.638672 -10870.079102 17329.681359
708608 -24291.679688 -17128.083984 29723.003886
709120 -9442.280273 5298.745117 10827.435523
709632 3511.337402 -19931.777344 20238.706678
710144 12150.028320 2508.914551 12406.362884
710656 -3803.027588 -7545.006836 8449.268844
711168 -27786.660156 18225.539062 33230.540170
711680 11673.828125 2237.868408 11886.391547
712192 -9596.353516 -1415.685547 9700.214843
712704 8905.749023 -18503.507812 20535.144509
713216 -5838.071777 -11310.887695 12728.678800
713728 8510.364258 3294.534912 9125.801663
714240 20653.691406 18077.880859 27447.855435
714752 695.281494 -2643.573730 2733.477364
715264 -1038.216797 -19573.619141 19601.133845
715776 -7204.500977 -905.613281 7261.196320
716288 9094.476562 -4840.202637 10302.284407
716800 15389.512695 -4734.503418 16101.323672
717312 -6929.995605 570.449219 6953.434547
717824 -5918.513184 -4348.510254 7344.272871
718336 -1001.672119 2957.000488 3122.050448
718848 -14786.323242 9715.015625 17692.283516
719360 -2003.103516 -28650.480469 28720.418938
719872 -1586.481812 24.803589 1586.675692
720384 39.738770 -17111.714844 17111.760634
720896 -11565.314453 10047.263672 15320.052219
721408 -1725.306396 -12897.404297 13012.291420
721920 4628.148438 -9785.886719 10825.125219
722432 -309.399414 -2251.403320 2272.563530
722944 11335.284180 2304.479248 11567.164216
723456 -8640.942383 18935.902344 20814.280482
723968 10951.942383 -9419.607422 14445.554610
724480 -4446.820312 -1751.720459 4779.407285
724992 -6509.975586 2745.727051 7065.323772
725504 3729.305664 21250.628906 21575.377818
726016 -248.345703 -3282.102539 3291.484923
726528 -8095.110840 -5392.743164 9726.895497
727040 14829.222656 -3082.648926 15146.239137
727552 -8488.796875 6174.208496 10496.691288
728064 -4519.526367 12633.835938 13417.895513
728576 -6292.684570 -3287.271973 7099.579988
729088 3701.452637 10334.011719 10976.909948
729600 -7828.870605 -15883.781250 17708.351928
730112 -11769.881836 5650.345703 13055.899509
730624 -6402.359375 21751.923828 22674.575718
731136 -30688.599609 14405.384766 33901.404337
731648 1682.527344 -8854.054688 9012.501540
732160 10.617188 21206.835938 21206.838897
732672 15923.130859 -709.794922 15938.943001
733184 19499.154297 29960.285156 35746.828894
733696 -7938.624023 -16840.197266 18617.572774
734208 7549.454102 9564.173828 12184.731429
734720 -3578.038086 17263.871094 17630.757669
735232 27131.109375 12297.072266 29787.834295
735744 4347.292969 16071.134766 16648.733285
736256 -3235.992188 -2494.982422 4086.145127
736768 -7666.900879 -6872.762207 10296.418018
737280 769.050293 -17803.798828 17820.400893
737792 -25720.492188 4771.919922 26159.414061
738304 13081.290039 12589.358398 18155.222279
738816 8623.160156 -17539.650391 19544.774442
739328 -820.068848 -199.922852 844.086525
739840 16702.347656 8593.269531 18783.309187
740352 -891.314941 2618.601562 2766.137469
740864 -10669.322266 -6135.072754 12307.459202
741376 -10010.239258 7505.293945 12511.367631
741888 -18071.230469 -8404.722656 19930.096237
742400 -3987.854736 14094.277344 14647.581643
742912 -17608.292969 -5421.437500 18424.005211
743424 11767.243164 -9613.925781 15195.248731
743936 14707.844727 3678.137451 15160.784676
744448 -14001.122070 -1338.665039 14064.972663
744960 1099.579590 -11388.953125 11441.911029
745472 -3491.064453 -2546.129883 4320.915181
745984 15348.105469 -15393.501953 21737.622317
746496 -9675.695312 -4723.055664 10766.909306
747008 -18734.115234 -2218.279053 18864.989796
747520 20548.117188 -1974.972290 20642.810661
748032 -9300.215820 -16394.414062 18848.629022
748544 5640.171875 -2443.112305 6146.571077
749056 4662.364258 -2180.980469 5147.262962
749568 -26774.886719 7675.477539 27853.320951
750080 14872.995117 9924.315430 17880.101118
750592 -14363.128906 4319.458008 14998.572732
751104 -6704.849121 -20339.882812 21416.485613
751616 757.254883 431.147461 871.391452
752128 27659.740234 11644.462891 30010.911082
752640 -6236.663086 9212.954102 11125.398330
753152 34365.074219 -4887.350586 34710.870689
753664 -2415.116943 -21219.304688 21356.303051
754176 5817.627930 7455.272461 9456.526212
754688 -17806.964844 8100.901367 19563.041890
755200 -4057.636230 -1741.324219 4415.497933
755712 19649.496094 -12968.645508 23543.331285
756224 7908.518555 -11269.864258 13767.879140
756736 -15984.534180 6026.296875 17082.785721
757248 3146.520020 16352.196289 16652.174393
757760 -3688.604248 -29937.878906 30164.257524
758272 -26910.691406 2487.777832 27025.438683
758784 -10846.708984 3363.152832 11356.139133
759296 -3173.839844 20138.486328 20387.051577
759808 -3061.060547 -15100.138672 15407.280357
760320 17162.652344 -14734.777344 22620.130504
760832 8261.380859 -20513.708984 22114.761043
761344 -10031.326172 -3878.718750 10755.089958
761856 -1156.081787 -15868.761719 15910.817955
762368 2660.040039 -328.693359 2680.270975
762880 20118.533203 11809.362305 23328.447184
763392 1449.840454 -23428.945312 23473.761352
763904 14485.951172 -1649.812988 14579.597800
764416 -17345.912109 18768.472656 25556.530594
764928 -3502.618652 10563.076172 11128.652749
765440 25196.261719 10884.299805 27446.667412
765952 -33683.960938 -5193.114746 34081.926706
766464 31708.708984 -693.546875 31716.293352
766976 -761.062500 6020.026367 6067.942979
767488 -10486.434570 698.454102 10509.669452
768000 -8553.080078 22918.777344 24462.737705
768512 -2988.114990 -487.867188 3027.679805
769024 922.546631 -4697.418945 4787.153225
769536 11837.511719 6322.980957 13420.386880
770048 -10316.102539 18688.572266 21346.771934
770560 8896.200195 -5574.289551 10498.337011
771072 7208.667480 1651.811035 7395.496467
771584 -15648.312500 -5418.985352 16560.044444
772096 985.384766 25868.544922 25887.306542
772608 -13499.432617 -14767.355469 20007.735304
773120 3795.109863 -6924.359375 7896.177050
773632 16348.943359 -13447.768555 21169.091431
774144 -3309.638672 9108.923828 9691.553436
774656 18558.853516 -6308.388672 19601.704416
775168 -9269.406250 -20402.716797 22409.657204
775680 -9728.074219 7117.460938 12053.782809
776192 -4604.543945 -23538.898438 23985.027330
776704 14415.034180 -9364.407227 17189.687141
777216 -9019.968750 -10008.772461 13473.505854
777728 -3315.742920 -18392.832031 18689.312454
778240 -6377.725586 6229.318848 8915.143970
778752 -21248.546875 12076.349609 24440.518489
779264 -4407.213867 -1462.444336 4643.520001
779776 -38090.617188 -7899.796875 38901.181062
780288 -6920.941406 21382.517578 22474.685493
780800 3104.187500 -6924.202637 7588.185817
781312 -10630.416016 -16311.790039 19469.983462
781824 32794.804688 402.395996 32797.274033
782336 -19111.050781 -6412.063477 20158.045937
782848 -932.000488 14418.498047 14448.588582
783360 2422.992676 4482.221680 5095.214029
783872 251.014648 22009.042969 22010.474597
784384 -4628.436523 17480.689453 18083.056379
784896 -3504.466309 11930.662109 12434.708843
785408 19876.087891 -37312.457031 42276.214779
785920 -21624.330078 933.171875 21644.455734
786432 -11129.720703 32229.246094 34096.846540
786944 18292.304688 4457.375977 18827.549177
787456 1616.129639 -14783.217773 14871.294227
787968 -16155.960938 -1200.410889 16200.495795
788480 -9473.627930 -8411.855469 12669.211814
788992 8657.310547 -349.621582 8664.367028
789504 -8346.499023 -19403.417969 21122.421073
790016 -27979.195312 957.554199 27995.576793
790528 14127.205078 -1323.549683 14189.069596
791040 16171.828125 1448.203003 16236.542982
791552 18739.355469 -32694.109375 37683.792590
792064 10053.895508 -10505.876953 14541.467326
792576 -9536.204102 9889.826172 13738.553636
793088 -14411.576172 -7512.682129 16252.197390
793600 -13884.405273 9542.270508 16847.302930
794112 18690.648438 17145.193359 25363.320918
794624 -10852.750977 -24413.300781 26716.876464
795136 -2876.765381 9371.484375 9803.086045
795648 11945.289062 -10617.327148 15981.788636
796160 11866.095703 10832.724609 16067.113742
796672 23914.121094 22519.804688 32848.543590
797184 -16708.542969 -906.571289 16733.119255
797696 15540.671875 5152.633789 16372.602481
798208 2347.092773 -22889.521484 23009.542368
798720 12408.544922 -16182.405273 20392.210277
799232 -13666.553711 8651.998047 16175.035085
799744 -16222.348633 16695.792969 23279.048778
800256 7443.812988 -4259.913086 8576.550355
800768 7647.896484 -4121.750488 8687.873848
801280 8035.516602 14216.849609 16330.595580
801792 26553.929688 -30754.808594 40632.122071
802304 -2677.863770 33032.437500 33140.803128
802816 3656.056396 7635.549805 8465.717217
803328 8139.355957 7284.336426 10922.942461
803840 -15934.726562 -17751.505859 23854.380897
804352 5105.536621 -11173.548828 12284.733941
804864 -4002.479492 -6725.862305 7826.689211
805376 14303.446289 -25408.253906 29157.639411
805888 -3649.543701 -43705.718750 43857.827032
806400 -3434.319336 7049.375000 7841.443490
806912 8809.966797 -6531.529297 10967.059041
807424 -17233.052734 -17184.683594 24337.038768
807936 -10700.486328 -11164.110352 15464.079669
808448 27072.695312 8125.206543 28265.700487
808960 11336.761719 7388.439941 13531.859296
809472 26644.476562 17532.792969 31895.563579
809984 -3220.818848 -12921.059570 13316.435559
810496 8872.859375 13355.226562 16034.017338
811008 -6194.253418 18791.156250 19785.760536
811520 -28504.925781 -15657.332031 32522.036837
812032 7921.779297 24215.271484 25478.107308
812544 -5498.562988 -19001.039062 19780.639423
813056 10399.243164 -6787.556152 12418.339986
813568 -379.187988 2776.802490 2802.573014
814080 11733.916992 8831.214844 14685.882745
814592 -12436.938477 -21496.572266 24835.056513
815104 -6809.593262 -18091.339844 19330.471696
815616 12539.082031 7212.105469 14465.235567
816128 -1477.990723 8562.471680 8689.095235
816640 -7156.680176 9325.952148 11755.486209
817152 4218.089844 -20973.314453 21393.274457
817664 -653.928223 -2719.006592 2796.536966
818176 2498.912109 11298.182617 11571.235371
818688 -16374.038086 -12266.443359 20459.099491
