#serial real imag abs
0.000000 0.437642 2.113994 2.158819
0.000256 -0.279273 -0.577908 0.641849
0.000512 -3.697418 0.091209 3.698543
0.000768 1.645276 -3.900227 4.233049
0.001024 0.936855 -1.207088 1.527992
0.001280 -2.250056 -6.306492 6.695864
0.001536 0.209821 -1.393183 1.408895
0.001792 -1.038137 -1.575633 1.886888
0.002048 -1.032228 4.402350 4.521745
0.002304 1.234550 1.826829 2.204862
0.002560 0.532984 0.113658 0.544968
0.002816 -1.116194 -1.932250 2.231475
0.003072 1.478906 -0.678774 1.627236
0.003328 -0.122598 2.274018 2.277321
0.003584 0.429055 0.175124 0.463419
0.003840 -2.513724 3.124897 4.010460
0.004096 -2.417571 -4.639731 5.231802
0.004352 -5.032209 0.386830 5.047055
0.004608 -1.082113 -0.344429 1.135605
0.004864 -2.848276 5.159112 5.893142
0.005121 -0.775644 1.846946 2.003206
0.005377 1.259801 1.196886 1.737710
0.005633 0.890382 -0.902264 1.267620
0.005889 -2.386792 0.497234 2.438035
0.006145 -1.138417 1.456550 1.848656
0.006401 -0.585314 3.773422 3.818547
0.006657 1.810449 -1.696796 2.481298
0.006913 -3.495250 -1.744527 3.906423
0.007169 -4.533422 -1.718209 4.848109
0.007425 3.380345 -1.167857 3.576398
0.007681 0.841563 1.130324 1.409205
0.007937 -2.393092 1.520664 2.835367
0.008193 0.392652 -1.077953 1.147239
0.008448 -1.857564 1.007639 2.113263
0.008704 3.190015 0.345903 3.208714
0.008959 0.778181 2.114747 2.253379
0.009215 1.142392 -0.634400 1.306722
0.009471 0.279725 -2.977717 2.990826
0.009726 -3.140422 1.422379 3.447523
0.009982 -3.239313 -2.028731 3.822159
0.010237 -1.483607 -1.313039 1.981202
0.010493 2.195327 -0.171624 2.202025
0.010748 2.737419 0.830818 2.860721
0.011004 -2.451339 0.954032 2.630444
0.011260 2.569444 2.390284 3.509344
0.011515 -3.074646 -1.008098 3.235693
0.011771 2.708217 -2.585499 3.744228
0.012026 1.824036 -3.032898 3.539149
0.012282 -1.953793 -1.297004 2.345107
0.012538 0.427994 -1.643359 1.698177
0.012793 -0.434204 1.496074 1.557809
0.013049 0.788609 1.120628 1.370296
0.013304 1.291823 -0.614934 1.430716
0.013560 -1.709435 2.466886 3.001282
0.013815 -2.087091 -2.474530 3.237167
0.014071 -1.534657 -0.618153 1.654474
0.014327 -5.858970 3.728625 6.944795
0.014582 0.824713 -1.915303 2.085314
0.014838 3.273162 -1.255491 3.505688
0.015093 2.409028 2.618782 3.558291
0.015349 -2.417699 -0.522155 2.473442
0.015605 1.854431 0.010051 1.854458
0.015860 1.158231 -1.305836 1.745481
0.016116 -1.039407 0.655828 1.229014
0.016371 -0.189205 -2.148969 2.157282
0.016627 0.490164 -0.642007 0.807734
0.016882 0.723004 0.406948 0.829664
0.017138 -2.408212 2.439395 3.427847
0.017394 2.164992 -0.617785 2.251411
0.017649 -1.465184 -2.510015 2.906362
0.017905 -1.335744 -6.314977 6.454699
0.018160 -0.244327 -2.845114 2.855586
0.018416 0.116636 -0.121702 0.168569
0.018672 -0.422212 -2.607561 2.641521
0.018927 1.976755 2.460599 3.156281
0.019183 3.420078 4.093123 5.333909
0.019438 -4.674713 -2.051502 5.105057
0.019694 -1.912819 0.500355 1.977178
0.019949 -0.166431 -3.891733 3.895290
0.020205 -8.654888 4.224166 9.630715
0.020461 2.747259 1.567601 3.163037
0.020716 0.908615 2.431700 2.595909
0.020972 2.720962 -4.370704 5.148464
0.021227 -2.254329 0.517428 2.312949
0.021483 -0.632780 -1.874202 1.978141
0.021739 -0.529347 -4.171062 4.204517
0.021994 0.790903 0.911361 1.206692
0.022250 0.566645 2.825337 2.881600
0.022505 -4.281027 -2.829925 5.131829
0.022761 1.972073 -2.953871 3.551679
0.023016 -0.874838 -1.448503 1.692189
0.023272 0.328839 -2.953952 2.972199
0.023528 -2.274853 0.733175 2.390084
0.023783 2.273443 -1.944716 2.991733
0.024039 -1.831875 -0.052786 1.832636
0.024294 -1.115164 1.352001 1.752569
0.024550 -2.195404 1.720681 2.789363
0.024806 2.242720 3.461657 4.124665
0.025061 1.609350 3.882883 4.203188
0.025317 -0.072669 -1.770955 1.772446
0.025572 2.351913 -2.260512 3.262117
0.025828 4.293608 1.218752 4.463231
0.026084 2.138500 0.138774 2.142998
0.026339 0.502152 -2.440844 2.491962
0.026595 -0.275001 2.632045 2.646372
0.026850 3.910380 -1.547197 4.205341
0.027106 -2.275124 3.089679 3.836966
0.027361 0.528787 -1.863750 1.937312
0.027617 0.120691 1.478974 1.483890
0.027873 1.362178 0.933333 1.651254
0.028128 -3.166520 -0.914751 3.296000
0.028384 0.750327 4.888865 4.946108
0.028639 -1.006826 -2.644094 2.829299
0.028895 1.593216 -1.653870 2.296438
0.029151 1.232812 0.946118 1.554016
0.029406 0.145507 4.565007 4.567325
0.029662 -3.453306 1.555810 3.787594
0.029917 -4.489481 -4.302112 6.218006
0.030173 -0.456895 -0.479918 0.662627
0.030428 1.233551 -1.751060 2.141929
0.030684 0.145487 -2.857299 2.861001
0.030940 2.403909 -2.305212 3.330583
0.031195 -0.956551 -3.585952 3.711339
0.031451 4.060458 -2.712246 4.882990
0.031706 1.489802 -4.583648 4.819682
0.031962 0.602928 1.300795 1.433733
0.032218 1.400405 -1.399969 1.980163
0.032473 -3.124255 -2.170550 3.804242
0.032729 2.144105 -0.312249 2.166723
0.032984 2.267983 2.143554 3.120669
0.033240 2.668025 -2.268404 3.502002
0.033495 -1.917853 4.345549 4.749942
0.033751 0.333281 -3.262913 3.279890
0.034007 -1.078019 -1.507498 1.853288
0.034262 3.424221 1.420789 3.707281
0.034518 -2.642859 2.781422 3.836797
0.034773 -1.084550 2.781147 2.985135
0.035029 -1.957446 2.746865 3.372960
0.035285 -1.266724 -0.410618 1.331615
0.035540 -0.734365 2.104411 2.228864
0.035796 -0.268789 1.773083 1.793340
0.036051 0.009557 -2.808413 2.808429
0.036307 -0.651923 0.776960 1.014234
0.036562 -0.334002 -1.277527 1.320467
0.036818 1.101741 1.237881 1.657161
0.037074 1.357404 -1.669976 2.152061
0.037329 -2.986917 3.490715 4.594210
0.037585 2.391008 -3.555680 4.284832
0.037840 -5.091808 -2.730288 5.777628
0.038096 -2.462661 0.096898 2.464567
0.038352 -0.173749 -0.174620 0.246335
0.038607 -1.683873 -1.493374 2.250687
0.038863 -1.897482 -1.579679 2.468972
0.039118 2.726964 -0.984933 2.899384
0.039374 2.607761 0.583387 2.672219
0.039630 -0.464116 3.263898 3.296731
0.039885 -7.912041 -1.838517 8.122840
0.040141 -0.428475 1.934543 1.981426
0.040396 -5.098753 2.214221 5.558782
0.040652 1.380682 3.839849 4.080529
0.040907 -0.570548 1.244066 1.368659
0.041163 0.701369 3.625954 3.693164
0.041419 5.989911 0.881601 6.054441
0.041674 0.561290 -1.478964 1.581892
0.041930 3.130776 -0.935978 3.267692
0.042185 0.239723 1.712772 1.729467
0.042441 -3.057683 -1.022652 3.224165
0.042697 -0.950429 -0.304041 0.997876
0.042952 0.406577 2.480015 2.513122
0.043208 2.784901 -3.960418 4.841548
0.043463 2.022517 -1.091287 2.298147
0.043719 -3.362575 -4.871318 5.919176
0.043974 3.254871 1.289409 3.500966
0.044230 -0.962757 1.895536 2.126019
0.044486 1.409088 -0.725472 1.584878
0.044741 -3.855844 2.659900 4.684293
0.044997 -1.398566 -3.163624 3.458974
0.045252 -3.894986 -4.694325 6.099804
0.045508 1.912586 0.498034 1.976366
0.045764 1.948810 -3.944526 4.399675
0.046019 -1.495968 -3.381164 3.697322
0.046275 -2.573393 -0.226116 2.583308
0.046530 0.326678 -0.687007 0.760722
0.046786 0.030296 0.061620 0.068664
0.047041 -2.217891 3.760937 4.366199
0.047297 -1.768693 0.247431 1.785917
0.047553 2.578022 -1.226227 2.854790
0.047808 2.228617 -3.109971 3.826049
0.048064 -3.656081 -1.057837 3.806041
0.048319 3.785331 0.506170 3.819023
0.048575 -1.186188 2.122976 2.431886
0.048831 1.814667 -1.667020 2.464137
0.049086 0.864412 2.302226 2.459157
0.049342 -5.053600 1.397028 5.243144
0.049597 -0.343172 -0.128912 0.366586
0.049853 -1.974021 1.454973 2.452286
0.050108 -3.929681 0.335809 3.944003
0.050364 -1.686715 -3.150028 3.573189
0.050620 -0.602760 -0.879646 1.066347
0.050875 -0.044677 0.981041 0.982058
0.051131 1.767785 -0.967473 2.015209
0.051386 0.068688 2.746265 2.747124
0.051642 4.062757 0.930256 4.167897
0.051898 -1.762272 2.216435 2.831640
0.052153 -2.333551 -1.886144 3.000500
0.052409 -0.484525 0.792693 0.929046
0.052664 0.071883 2.578681 2.579682
0.052920 3.820513 -1.794887 4.221130
0.053175 -2.440092 -2.036450 3.178234
0.053431 -2.695916 -1.866135 3.278784
0.053687 2.594511 3.622813 4.456036
0.053942 2.336996 0.757372 2.456657
0.054198 -3.868395 0.165606 3.871938
0.054453 -0.726311 -1.770865 1.914024
0.054709 -3.599986 2.670942 4.482614
0.054965 2.078569 -0.345690 2.107119
0.055220 -0.940425 -2.388107 2.566604
0.055476 -1.732311 -0.470391 1.795040
0.055731 -4.639208 0.531822 4.669591
0.055987 0.730590 -0.925925 1.179448
0.056243 -1.743435 3.788104 4.170048
0.056498 -1.047009 -4.158276 4.288063
0.056754 1.610351 -0.246941 1.629175
0.057009 -1.140386 0.865815 1.431823
0.057265 2.945581 -1.078409 3.136784
0.057520 -2.466923 2.916022 3.819541
0.057776 2.321714 -3.332117 4.061201
0.058032 0.914829 -0.912604 1.292191
0.058287 1.359394 -2.292143 2.664934
0.058543 -1.344870 0.013820 1.344941
0.058798 0.198315 0.234847 0.307379
0.059054 3.743926 0.494609 3.776456
0.059310 -2.171586 1.992633 2.947265
0.059565 -3.287017 -1.320433 3.542319
0.059821 -1.007686 1.306493 1.649956
0.060076 -1.537856 1.689778 2.284809
0.060332 3.778173 0.462308 3.806353
0.060587 -1.520327 -0.919023 1.776513
0.060843 0.033965 -1.837230 1.837544
0.061099 1.268811 -0.996265 1.613203
0.061354 -3.713709 -2.047544 4.240763
0.061610 -0.337616 -0.182538 0.383803
0.061865 1.306852 -0.296654 1.340099
0.062121 -5.553343 5.311031 7.684183
0.062377 1.268832 1.877787 2.266278
0.062634 3.242133 -1.913205 3.764542
0.062893 -2.703790 -0.624641 2.775006
0.063153 0.801458 -3.377760 3.471541
0.063412 -2.241763 -3.264568 3.960165
0.063672 2.126274 0.470363 2.177678
0.063931 -5.412112 -1.330666 5.573296
0.064190 -0.477620 -2.254997 2.305023
0.064450 -0.963633 -1.613384 1.879254
0.064709 -4.050092 2.076874 4.551554
0.064969 4.442429 1.633033 4.733072
0.065228 0.858657 -2.118195 2.285616
0.065487 -0.510078 -0.202993 0.548986
0.065747 -2.075562 2.765747 3.457935
0.066006 -1.132759 -0.989951 1.504375
0.066266 -2.344542 2.839277 3.682169
0.066525 -1.271575 -3.718117 3.929542
0.066784 -2.076840 0.633206 2.171224
0.067044 0.366009 -0.692755 0.783500
0.067303 4.679295 -1.643666 4.959580
0.067563 0.897507 2.353947 2.519243
0.067822 7.683024 2.402236 8.049820
0.068081 -4.659006 -3.479983 5.815205
0.068341 -2.655335 -0.418397 2.688096
0.068600 3.264357 0.566114 3.313082
0.068860 -0.004540 -2.159471 2.159475
0.069119 1.962968 -2.210233 2.956075
0.069378 4.571500 0.929990 4.665136
0.069638 0.539350 0.005871 0.539382
0.069897 -3.128795 0.579681 3.182041
0.070157 0.383178 2.368564 2.399358
0.070416 -1.415714 -0.759221 1.606444
0.070675 -1.675358 -2.628456 3.116986
0.070935 0.253649 -2.775808 2.787373
0.071194 -0.562114 1.229801 1.352177
0.071454 -1.630594 -0.115899 1.634707
0.071713 -0.296885 -1.841062 1.864846
0.071972 -0.452285 -1.747404 1.804988
0.072232 3.277933 1.696154 3.690771
0.072491 -3.514327 0.950723 3.640655
0.072751 -3.995203 -0.573531 4.036159
0.073010 0.074809 -4.402290 4.402925
0.073269 1.142966 -2.620856 2.859241
0.073529 0.427559 -4.222765 4.244356
0.073788 5.032463 0.528916 5.060182
0.074048 -3.092050 -3.050076 4.343240
0.074307 -1.139331 1.216728 1.666884
0.074566 1.007645 -1.809245 2.070921
0.074826 1.273511 -0.996381 1.616974
0.075085 2.041532 -4.644769 5.073631
0.075345 0.523102 -1.288688 1.390810
0.075604 -4.475571 0.329426 4.487679
0.075863 1.077084 -0.559284 1.213634
0.076123 -3.183013 0.676304 3.254068
0.076382 -0.251282 3.108412 3.118552
0.076642 0.657398 2.632256 2.713106
0.076901 -1.114572 -1.361614 1.759620
0.077160 -4.471965 -0.688177 4.524606
0.077420 2.062309 -2.157801 2.984832
0.077679 0.881860 -4.889119 4.968013
0.077939 1.750841 1.386958 2.233629
0.078198 -0.387378 -2.556780 2.585959
0.078457 -0.682123 2.117171 2.224343
0.078717 1.618361 -2.013713 2.583434
0.078976 -1.975521 -1.878770 2.726254
0.079236 0.172122 -0.028963 0.174541
0.079495 -2.374659 -0.548364 2.437152
0.079754 -2.165882 4.792098 5.258826
0.080014 1.887470 1.400293 2.350183
0.080273 -0.728501 -0.718936 1.023515
0.080533 1.561158 -0.155431 1.568877
0.080792 3.332325 -1.086429 3.504956
0.081051 2.284966 3.889493 4.511012
0.081311 2.473692 2.251649 3.345007
0.081570 -2.995610 -3.825432 4.858766
0.081830 2.119357 -0.438469 2.164239
0.082089 0.266353 -4.157845 4.166368
0.082348 1.450852 -1.581923 2.146497
0.082608 -1.717430 -3.170606 3.605871
0.082867 -1.612541 -0.180840 1.622649
0.083127 1.918936 -0.445033 1.969865
0.083386 1.012503 0.493094 1.126190
0.083645 1.438457 1.969264 2.438680
0.083905 -0.053671 -0.296135 0.300959
0.084164 5.690459 4.032926 6.974655
0.084424 3.121149 -1.342789 3.397742
0.084683 3.079273 3.774258 4.871032
0.084942 -0.076254 -5.983253 5.983738
0.085202 0.459637 4.571029 4.594080
0.085461 -1.700461 0.791627 1.875698
0.085721 2.811745 -2.681083 3.885115
0.085980 -0.896379 1.180079 1.481918
0.086239 -4.907810 0.707129 4.958491
0.086499 -2.388734 0.105612 2.391068
0.086758 2.015400 0.622917 2.109469
0.087018 0.837826 -1.240956 1.497306
0.087277 1.104559 -2.597058 2.822191
0.087536 -3.574352 -0.279365 3.585253
0.087796 1.015035 2.286389 2.501574
0.088055 -0.629714 1.592407 1.712395
0.088315 1.271392 0.422108 1.339632
0.088574 -4.979081 1.643845 5.243422
0.088833 -1.507328 1.416656 2.068563
0.089093 2.442458 3.957811 4.650792
0.089352 2.608145 1.368129 2.945199
0.089612 -4.817745 2.159486 5.279588
0.089871 0.701926 1.139139 1.338035
0.090130 2.369249 1.148479 2.632935
0.090390 2.370827 0.724057 2.478927
0.090649 -1.911853 0.731779 2.047115
0.090909 1.251313 1.872670 2.252260
0.091168 0.949938 -0.241175 0.980076
0.091427 -0.611311 3.301187 3.357311
0.091687 0.207773 -3.007266 3.014434
0.091946 -0.579271 2.578823 2.643082
0.092206 -4.018054 -1.600208 4.324977
0.092465 3.162521 2.742774 4.186209
0.092724 -2.245043 0.729609 2.360624
0.092984 0.340580 1.433852 1.473745
0.093243 4.088337 1.099607 4.233631
0.093503 0.408037 1.004045 1.083790
0.093762 0.361841 -2.282346 2.310851
0.094021 0.602322 1.165533 1.311968
0.094281 0.428380 0.409375 0.592534
0.094540 -1.201789 2.112406 2.430341
0.094800 0.192734 -1.361131 1.374709
0.095059 -1.871488 2.462702 3.093116
0.095318 0.761272 1.020574 1.273227
0.095578 -2.620835 1.097871 2.841496
0.095837 1.699633 -1.461000 2.241266
0.096097 -1.546492 3.502022 3.828289
0.096356 0.264586 0.571641 0.629904
0.096615 0.502058 1.806239 1.874716
0.096875 2.459216 2.799423 3.726193
0.097134 -3.244800 -2.846094 4.316130
0.097394 -3.074885 -0.463805 3.109667
0.097653 -0.711067 0.666497 0.974595
0.097912 3.708780 1.402105 3.964965
0.098172 1.093477 0.109973 1.098993
0.098431 0.986434 -2.684233 2.859748
0.098691 1.009104 -0.198338 1.028411
0.098950 0.715123 -0.536030 0.893716
0.099209 0.676342 -4.553754 4.603706
0.099469 -1.748598 -3.887815 4.262944
0.099728 0.300421 3.062135 3.076837
0.099988 1.840077 -2.504243 3.107591
0.100247 2.143849 0.114776 2.146920
0.100506 -0.046814 0.638293 0.640007
0.100766 0.992377 0.930155 1.360148
0.101025 0.290234 2.025552 2.046239
0.101285 -0.636576 0.568931 0.853763
0.101544 -3.492570 -1.776799 3.918553
0.101803 2.380068 -0.846001 2.525953
0.102063 5.784443 -4.060783 7.067513
0.102322 -1.361705 -3.516571 3.771009
0.102582 -2.589264 -1.989850 3.265546
0.102841 -1.254716 0.222159 1.274232
0.103100 -0.205920 -1.460327 1.474774
0.103360 1.505133 -0.180597 1.515929
0.103619 3.416816 0.436507 3.444585
0.103879 -2.247521 -2.846252 3.626638
0.104138 -0.875341 3.294641 3.408941
0.104397 -1.182577 -0.737932 1.393926
0.104657 3.879471 1.223892 4.067949
0.104916 0.148690 4.005712 4.008470
0.105176 -3.670015 -0.378653 3.689497
0.105435 0.614328 0.447763 0.760191
0.105694 0.699704 -3.513777 3.582767
0.105954 -0.500660 -3.082623 3.123016
0.106213 -2.699153 0.318407 2.717869
0.106473 -5.381076 -0.293045 5.389049
0.106732 0.776687 -1.207702 1.435892
0.106991 -0.438502 1.672119 1.728660
0.107251 1.587993 1.213351 1.998485
0.107510 -0.569662 1.588616 1.687666
0.107770 -1.108254 -0.785041 1.358130
0.108029 3.197243 4.077269 5.181359
0.108288 5.420921 0.291518 5.428754
0.108548 -1.308824 1.896674 2.304429
0.108807 -2.182477 -0.485009 2.235720
0.109067 -1.854810 -1.126725 2.170214
0.109326 1.941503 -0.851222 2.119908
0.109585 -0.028022 -2.933652 2.933785
0.109845 -1.801677 2.210443 2.851683
0.110104 -0.860116 1.164371 1.447605
0.110364 0.363636 -0.473158 0.596749
0.110623 -2.242014 1.541183 2.720638
0.110882 -1.523458 -4.946345 5.175640
0.111142 -3.606194 -6.458390 7.396988
0.111401 0.385507 2.663120 2.690877
0.111661 -3.219116 2.056310 3.819833
0.111920 -2.473149 0.644172 2.555665
0.112179 0.131010 2.125383 2.129417
0.112439 2.222673 3.042209 3.767666
0.112698 -1.251237 0.959694 1.576898
0.112958 -3.578452 -2.833594 4.564491
0.113217 3.219295 2.807551 4.271557
0.113476 1.013202 0.086547 1.016892
0.113736 -3.800039 1.858768 4.230285
0.113995 0.687003 1.925160 2.044068
0.114255 -0.587042 -1.808492 1.901384
0.114514 -0.399763 0.675011 0.784507
0.114773 -2.610005 -0.783501 2.725069
0.115033 1.241633 2.908041 3.162018
0.115292 -1.054253 -0.155238 1.065621
0.115552 -4.141011 1.968249 4.584972
0.115811 -2.433214 5.596200 6.102293
0.116070 -0.457263 -0.182730 0.492423
0.116330 -1.592376 1.191778 1.988969
0.116589 -3.425010 -1.624847 3.790887
0.116849 -0.142973 1.228581 1.236872
0.117108 1.744475 -0.108019 1.747816
0.117367 -1.273937 6.835489 6.953188
0.117627 0.223815 -1.176200 1.197305
0.117886 2.679008 -3.228753 4.195466
0.118146 3.738223 4.568515 5.903019
0.118405 -3.489187 5.854471 6.815369
0.118664 1.011029 -3.254251 3.407687
0.118924 0.642711 1.993909 2.094934
0.119183 0.973095 -2.013116 2.235967
0.119443 -2.549535 2.482350 3.558397
0.119702 3.585390 2.714236 4.496899
0.119961 -1.119758 2.312176 2.569049
0.120221 -0.242613 2.104105 2.118046
0.120480 3.236114 -1.059245 3.405060
0.120740 0.390562 0.665065 0.771265
0.120999 -0.160796 -0.378806 0.411521
0.121258 -0.311026 -2.902677 2.919293
0.121518 -4.911438 1.367458 5.098252
0.121777 -0.557935 1.686384 1.776283
0.122037 -5.209585 -0.601756 5.244224
0.122296 -0.743608 2.188697 2.311568
0.122555 -5.416462 2.256633 5.867747
0.122815 1.594119 2.477100 2.945715
0.123074 3.169153 1.263156 3.411612
0.123334 -2.132397 2.810057 3.527540
0.123593 1.975268 3.568755 4.078933
0.123852 -1.361202 0.127288 1.367140
0.124112 -0.804729 1.059185 1.330211
0.124371 1.274327 -0.136498 1.281616
0.124631 -1.498012 -0.535799 1.590949
0.124890 0.536434 -3.939285 3.975641
0.125149 -2.489075 -3.608194 4.383442
0.125409 -0.899552 0.030142 0.900057
0.125668 5.342413 0.889006 5.415876
0.125928 -5.120800 -1.489275 5.332966
0.126187 0.245036 -4.136201 4.143453
0.126446 0.929006 -1.611902 1.860452
0.126706 -0.420088 2.099146 2.140768
0.126965 -0.742535 -0.320027 0.808564
0.127225 4.519819 1.007854 4.630825
0.127484 -1.456792 -0.926582 1.726499
0.127743 0.886532 0.743711 1.157171
0.128003 -0.493823 -0.128108 0.510170
0.128262 -3.651477 2.237988 4.282742
0.128522 -0.587379 -1.416622 1.533569
0.128781 0.281727 4.441527 4.450453
0.129040 5.030199 -0.351080 5.042436
0.129300 -4.675877 2.841444 5.471529
0.129559 1.666646 1.994691 2.599327
0.129819 0.504929 0.843263 0.982877
0.130078 -4.133131 0.909811 4.232083
0.130337 0.608509 0.792376 0.999071
0.130597 -0.426027 -3.003934 3.033994
0.130856 2.562531 -2.035640 3.272674
0.131116 -0.716460 0.580242 0.921952
0.131375 3.109496 0.197749 3.115778
0.131634 -2.899272 -3.485138 4.533428
0.131894 0.094041 -0.355038 0.367282
0.132153 0.623520 0.074097 0.627907
0.132413 -0.524472 0.518390 0.737428
0.132672 0.092493 -1.620470 1.623108
0.132931 1.713782 -6.957810 7.165764
0.133191 1.063410 -3.736760 3.885128
0.133450 1.128417 -0.902867 1.445162
0.133710 -4.236618 -0.034215 4.236756
0.133969 -0.629515 -0.630578 0.891021
0.134228 -1.440577 -0.366636 1.486501
0.134488 2.818706 -0.093256 2.820248
0.134747 -4.028647 -0.296758 4.039562
0.135007 -3.210490 -0.761288 3.299516
0.135266 1.890776 3.688297 4.144703
0.135525 -4.746282 -2.378802 5.309039
0.135785 -0.221203 4.932354 4.937312
0.136044 3.280318 4.484735 5.556378
0.136304 4.473723 -4.466416 6.321635
0.136563 -0.521861 0.277410 0.591012
0.136822 -2.085319 -0.615719 2.174320
0.137082 0.036957 0.297672 0.299957
0.137341 0.752879 -0.698610 1.027075
0.137601 1.887953 -1.749348 2.573827
0.137860 0.846647 2.624564 2.757743
0.138119 4.000176 1.743629 4.363674
0.138379 -1.485892 -3.403568 3.713778
0.138638 2.133965 0.446103 2.180095
0.138898 -0.837371 -0.366358 0.914007
0.139157 -2.055491 2.386719 3.149837
0.139416 0.899770 0.730516 1.158982
0.139676 1.270545 -1.964525 2.339582
0.139935 -0.833363 -3.258683 3.363556
0.140195 -5.856131 -3.110670 6.631029
0.140454 -2.155089 1.377110 2.557507
0.140713 1.821002 -1.252364 2.210082
0.140973 -2.733645 -1.683918 3.210669
0.141232 -5.530668 1.358373 5.695039
0.141492 -3.856617 -0.361239 3.873499
0.141751 1.018670 -0.064752 1.020726
0.142010 4.925626 2.922680 5.727464
0.142270 2.811291 1.213367 3.061963
0.142529 2.918886 -1.801849 3.430241
0.142789 -3.995615 -0.201599 4.000698
0.143048 0.919746 3.162807 3.293825
0.143307 0.192929 -2.964621 2.970892
0.143567 -3.929329 3.199849 5.067412
0.143826 2.684722 0.192406 2.691608
0.144086 -2.570075 0.516726 2.621506
0.144345 1.750918 0.442029 1.805852
0.144604 -2.584661 -1.577003 3.027773
0.144864 0.609577 0.583621 0.843918
0.145123 -0.586712 4.625665 4.662725
0.145383 -2.471612 0.454333 2.513023
0.145642 -2.464708 -0.326893 2.486291
0.145901 -0.374524 0.976438 1.045801
0.146161 2.203507 3.012511 3.732381
0.146420 1.514883 -1.629987 2.225248
0.146680 -1.700492 -0.814057 1.885302
0.146939 0.110159 1.963271 1.966359
0.147198 -0.405979 1.561170 1.613094
0.147458 -1.797509 2.978306 3.478698
0.147717 3.452302 2.932692 4.529798
0.147977 -0.717663 1.680622 1.827438
0.148236 0.867102 3.569230 3.673046
0.148495 2.353469 4.262144 4.868746
0.148755 3.164952 -2.013982 3.751405
0.149014 -3.537404 0.022843 3.537477
0.149273 3.149777 -1.076679 3.328714
0.149533 0.730388 -0.590059 0.938954
0.149792 -3.797225 3.010129 4.845596
0.150052 3.937911 -0.986285 4.059544
0.150311 1.205226 5.798312 5.922245
0.150570 2.719392 -0.341707 2.740776
0.150830 -1.130009 -0.830514 1.402382
0.151089 1.056315 1.017246 1.466489
0.151349 -0.217985 1.401379 1.418232
0.151608 -2.383555 -1.223501 2.679233
0.151867 -5.165885 -0.617236 5.202629
0.152127 1.203827 -2.329942 2.622561
0.152386 -1.208105 -2.589146 2.857131
0.152646 -0.885237 0.319562 0.941151
0.152905 -1.439593 1.537050 2.105933
0.153164 -0.377774 5.145606 5.159455
0.153424 1.927896 3.257076 3.784881
0.153683 1.083148 -0.138038 1.091908
0.153943 -1.946614 2.061325 2.835201
0.154202 1.610197 -3.061360 3.458997
0.154461 -0.213328 -5.032011 5.036531
0.154721 0.917511 -0.916027 1.296508
0.154980 1.135500 2.507624 2.752733
0.155240 3.220000 2.581088 4.126792
0.155499 5.780456 -1.875172 6.077001
0.155758 1.887519 3.596449 4.061671
0.156018 -3.559563 -0.589287 3.608011
0.156277 -1.232312 -0.911337 1.532687
0.156537 3.634572 5.696990 6.757649
0.156796 -1.193263 -0.287916 1.227507
0.157055 0.963365 -7.703400 7.763404
0.157315 -3.515274 0.700309 3.584352
0.157574 0.444132 -0.411512 0.605471
0.157834 -1.497998 -0.016003 1.498084
0.158093 1.741660 -0.531380 1.820919
0.158352 -1.086118 -0.730642 1.309004
0.158612 1.511574 -0.075854 1.513476
0.158871 2.632202 -0.855225 2.767652
0.159131 1.184948 0.680475 1.366437
0.159390 3.566271 -3.218694 4.803986
0.159649 -2.574888 3.620281 4.442576
0.159909 1.754132 1.565682 2.351242
0.160168 0.295755 -1.994134 2.015947
0.160428 2.527976 -0.934879 2.695303
0.160687 -0.628249 -1.674307 1.788295
0.160946 -0.843277 -0.949027 1.269555
0.161206 0.308721 -1.469629 1.501705
0.161465 0.802931 1.342385 1.564192
0.161725 -2.452865 -0.738761 2.561701
0.161984 -3.325054 0.783693 3.416162
0.162243 0.385893 0.922353 0.999824
0.162503 -1.536295 -0.871505 1.766274
0.162762 2.565414 -0.193346 2.572689
0.163022 1.189062 -0.131265 1.196285
0.163281 -2.693289 1.619670 3.142791
0.163540 -0.921861 -0.101560 0.927439
0.163800 0.623069 1.433965 1.563480
0.164059 5.359331 3.667944 6.494324
0.164319 0.364795 -1.254099 1.306078
0.164578 0.095830 -1.672937 1.675679
0.164837 -0.238754 -0.791277 0.826513
0.165097 0.227664 -3.279938 3.287830
0.165356 -2.003612 1.670225 2.608469
0.165616 1.902895 -0.981625 2.141167
0.165875 2.435170 0.208784 2.444103
0.166134 3.835679 2.188474 4.416091
0.166394 -2.351482 1.287851 2.681050
0.166653 0.825490 0.402328 0.918314
0.166913 0.359473 -0.166684 0.396238
0.167172 0.241820 -1.876765 1.892280
0.167431 -0.080863 -3.197157 3.198179
0.167691 2.167466 3.631857 4.229456
0.167950 -1.546439 -0.614360 1.664004
0.168210 2.317559 1.729921 2.892007
0.168469 2.542997 2.320388 3.442533
0.168728 -2.044686 0.172354 2.051937
0.168988 1.516703 2.849934 3.228392
0.169247 -0.860107 0.247232 0.894934
0.169507 1.561523 0.443027 1.623154
0.169766 -0.430158 -1.156833 1.234220
0.170025 -4.488463 -0.262526 4.496134
0.170285 4.759048 -2.532031 5.390707
0.170544 1.535962 0.999389 1.832473
0.170804 2.330854 1.699333 2.884547
0.171063 1.571538 0.240265 1.589799
0.171322 1.632569 -0.810507 1.822691
0.171582 -0.071267 0.075058 0.103502
0.171841 -4.507740 -0.777874 4.574364
0.172101 -1.370486 0.054170 1.371557
0.172360 -5.054197 -4.395569 6.698204
0.172619 -0.136116 -1.159029 1.166995
0.172879 -1.633915 0.244870 1.652162
0.173138 2.949172 0.919717 3.089254
0.173398 1.021053 -2.079636 2.316772
0.173657 -3.541408 3.004222 4.644020
0.173916 -4.245099 3.455890 5.473942
0.174176 -1.521866 -0.771661 1.706322
0.174435 -2.147917 1.198344 2.459588
0.174695 -5.111616 -0.974604 5.203698
0.174954 1.897968 -5.330545 5.658357
0.175213 1.657998 -0.515312 1.736232
0.175473 -1.472035 -0.344025 1.511701
0.175732 -8.639730 1.214040 8.724611
0.175992 -4.026653 -1.767179 4.397369
0.176251 1.028836 2.298015 2.517812
0.176510 -5.258647 -3.106213 6.107530
0.176770 1.578533 -1.464047 2.152952
0.177029 -2.311436 -3.034141 3.814282
0.177289 1.924391 -1.897659 2.702663
0.177548 3.222254 1.357043 3.496353
0.177807 -1.735767 -4.245028 4.586192
0.178067 -0.394994 -0.414961 0.572899
0.178326 1.039303 2.372059 2.589752
0.178586 0.747726 -0.071583 0.751144
0.178845 2.474728 -0.383535 2.504272
0.179104 0.674400 -0.099839 0.681750
0.179364 4.373713 4.637153 6.374367
0.179623 -0.388749 -0.699964 0.800672
0.179883 0.472841 1.605710 1.673883
0.180142 0.375428 2.389048 2.418366
0.180401 -0.704455 -0.926846 1.164174
0.180661 -0.313371 -5.187140 5.196598
0.180920 2.315806 0.579254 2.387152
0.181180 0.485114 1.902277 1.963159
0.181439 -1.580697 0.242790 1.599234
0.181698 -4.994233 6.112233 7.893146
0.181958 -0.898597 0.361570 0.968612
0.182217 -0.071951 -4.696430 4.696981
0.182477 -2.417265 1.095108 2.653758
0.182736 -2.574544 -0.988016 2.757617
0.182995 1.534090 -1.191597 1.942508
0.183255 0.949311 -4.825326 4.917821
0.183514 -0.794312 -3.762191 3.845128
0.183774 -3.007131 -1.574664 3.394467
0.184033 -2.815309 0.141321 2.818854
0.184292 1.992947 0.893896 2.184236
0.184552 -0.869953 1.697865 1.907765
0.184811 5.907086 2.118020 6.275323
0.185071 -2.297699 -2.972389 3.756929
0.185330 -1.840676 -1.260976 2.231177
0.185589 -3.973913 -5.438474 6.735650
0.185849 1.869064 -3.209593 3.714147
0.186108 -0.107084 0.358404 0.374059
0.186368 0.179128 -0.926041 0.943206
0.186627 -0.183602 -2.039617 2.047864
0.186886 1.490499 -2.096324 2.572190
0.187146 -0.642051 -0.665172 0.924490
0.187405 -3.068653 2.284524 3.825661
0.187665 3.201285 -1.170437 3.408540
0.187924 -2.255125 -1.229053 2.568299
0.188183 5.327847 0.031983 5.327942
0.188443 0.064233 5.142157 5.142558
0.188702 1.911493 -5.587031 5.904975
0.188962 -3.604886 0.756856 3.683481
0.189221 1.556864 -1.116406 1.915773
0.189480 0.745039 -1.734923 1.888131
0.189740 1.215639 2.566923 2.840224
0.189999 -1.446585 5.615971 5.799288
0.190259 0.595778 -3.461598 3.512494
0.190518 -2.484566 1.890402 3.121969
0.190777 0.222755 2.617297 2.626760
0.191037 -3.099630 1.757763 3.563346
0.191296 3.125670 -2.352847 3.912251
0.191556 -0.741017 3.049842 3.138573
0.191815 -1.688127 -2.247829 2.811140
0.192074 2.523540 -0.192965 2.530907
0.192334 0.081497 -2.900980 2.902124
0.192593 0.183576 -2.112338 2.120300
0.192853 3.927018 -4.462853 5.944622
0.193112 -2.052273 -3.695951 4.227514
0.193371 0.558558 -0.451306 0.718098
0.193631 1.163593 -2.979402 3.198560
0.193890 -0.988064 3.488053 3.625297
0.194150 -0.020808 1.048963 1.049169
0.194409 0.640965 0.756111 0.991231
0.194668 -1.591787 6.180915 6.382594
0.194928 -0.732038 3.291789 3.372203
0.195187 4.609996 5.165318 6.923335
0.195447 0.617340 3.811936 3.861601
0.195706 -0.340406 1.977630 2.006713
0.195965 0.333516 0.828936 0.893515
0.196225 -1.476211 1.532259 2.127679
0.196484 1.713333 -4.206197 4.541762
0.196744 0.180277 -0.377678 0.418497
0.197003 0.287230 0.001899 0.287236
0.197262 1.677681 -2.353902 2.890583
0.197522 4.369401 -1.534716 4.631093
0.197781 2.643164 1.068155 2.850837
0.198041 -0.430884 -0.138178 0.452497
0.198300 2.633094 -1.039183 2.830739
0.198559 2.240585 1.210152 2.546505
0.198819 0.722883 0.424651 0.838385
0.199078 3.350883 0.319138 3.366045
0.199338 -4.615353 -0.618721 4.656640
0.199597 3.792579 0.685770 3.854081
0.199856 -1.502628 4.344103 4.596643
0.200116 -1.184829 -2.646933 2.900013
0.200375 -0.075082 -3.213630 3.214507
0.200635 -3.395497 1.786177 3.836643
0.200894 -1.474775 -4.431276 4.670243
0.201153 0.124085 -2.449315 2.452456
0.201413 2.985805 4.997078 5.821153
0.201672 -1.239462 1.817525 2.199924
0.201932 0.685306 -2.568249 2.658110
0.202191 -2.224428 2.185735 3.118576
0.202450 4.241156 -0.295619 4.251446
0.202710 0.225913 -3.314549 3.322239
0.202969 1.910776 1.243035 2.279518
0.203229 4.809429 -0.411170 4.826973
0.203488 -0.950415 2.086607 2.292862
0.203747 -1.222078 0.194665 1.237485
0.204007 1.505822 1.449697 2.090245
0.204266 1.806460 0.918218 2.026431
0.204526 -2.914774 -2.480681 3.827491
0.204785 -3.380352 2.011004 3.933309
0.205044 -1.004424 -0.067475 1.006688
0.205304 -0.712697 -2.213315 2.325231
0.205563 1.410007 0.188151 1.422505
0.205823 -0.997461 -2.322256 2.527410
0.206082 3.600514 -0.950503 3.723863
0.206341 0.856932 0.202419 0.880514
